1000
-324136940
-209344294
-341261965
-968518767
114885966
911998208
114534242
-519262819
130993003
197845242
544193124
-428863633
895186745
419383332
600976380
171387528
-634976108
-329953833
-774279791
-353279587
617206091
320702570
681662796
704749938
986399999
-314172805
345687363
218919717
439339593
-343588608
-948529571
441379538
265886865
-864097606
-996641329
751753699
-748357062
-206883217
233526001
528351876
955434588
686273721
-160919511
-44180331
-839277976
385523684
-342909659
-244626244
462167368
382657300
897728178
-242125103
-621286440
-308156840
613603245
658779262
-162615108
-222125766
-810032640
805411713
836638701
792224364
-795453671
-25127804
592549679
926554380
-409253731
-452786184
397681146
910878742
-699642832
84605305
806133743
-389634472
-52172934
920300871
700822052
-360605005
-903351483
-124298060
919820298
238265517
636570232
67875171
771591872
656460991
546994953
604404204
787130606
-735169602
-629926795
-170055922
-984838796
472225881
-667836587
423986894
358472731
-920827285
-8154898
36540227
-608663407
860864908
-580094177
-756682522
-176103305
388723449
285059757
-185083639
-964310166
682603387
756807108
876936673
500242965
-957139301
516513251
-835362438
369376571
776384167
-331646207
-750518562
382818017
457078208
-537256458
-68835872
827234533
-709340627
188071077
-173853856
160536296
265199208
684953726
441052211
239351071
-284630385
238114916
-950386003
-397522216
-805640765
-846111925
394606725
911758241
478101517
-120643354
951379534
692163202
512616431
-741769701
-725494634
25544930
644354556
603953070
-19292885
694592069
-394930124
-511103596
953034470
-272934057
740685506
-548532560
926130059
-473841102
-676920049
-345152519
785774598
266616278
241498591
-65004601
28098512
872947687
30015712
876067892
59235069
837056941
-74833677
707991061
204595948
671526808
-887996167
-134804536
-707296418
976094418
758915113
-585110170
969691537
-71581692
72689388
-829613029
-27552738
184300850
-836752212
-699942712
735721662
913987784
-826493448
-37512650
824794355
666601635
-853181992
-270748315
-729352366
666529998
-570401687
-432738113
-271506564
-687539536
-174266320
471251375
-918919725
104803580
-538140243
480806595
-756472975
-817010676
-671188244
-238109812
956949995
403629087
-678275914
672277416
541944097
-569295477
515925695
576742409
-293159647
34951258
-914309896
-578766859
441986456
15358600
713084701
230481091
-691018619
473199251
-606961003
617182526
-535537031
-917360103
14164167
-76224762
-503044689
549618143
-762279305
626680666
191469815
-126210513
798253644
-772979762
797775645
683950401
943429417
-440022172
-431728357
533730220
252097354
-721734971
395340380
445356609
516164706
-549667288
-161688033
-731635714
902430934
-333293402
-639992344
102755965
-885837581
-28963055
112092102
-99238456
-427111104
701729139
182488414
874772590
476323796
112157231
460544400
250781663
-846697537
821954279
-875833235
-693207037
228923674
-403874014
-47482130
-447351993
115002473
691580090
-401659243
-25933006
599237954
96885274
280370217
257163597
830678946
563246905
-718660093
410194614
311408489
-605174004
-650450005
-403631228
487161557
252185737
-342794398
-517136313
747210274
12920556
-185840286
-531662690
-668749075
-646297171
-424937930
-203219928
-756993227
69513850
688834299
489794952
-29255820
-966211973
823964651
-539420542
465420272
675704487
238112416
-451362161
-82927598
-499033851
213537504
775914475
464654902
749508273
-118812702
44945310
-653802991
697900128
879851774
593629400
475046438
831287391
-513909802
598115614
-930073287
894418405
418826378
-68235494
-201841194
830783596
-331006077
615666125
-416376423
-900715424
347252209
-10878553
-129856659
-495871243
-359313074
-365461554
926711715
813879849
794082972
-346002412
-103327431
681780168
-549248293
751474520
716773641
-762365275
546290119
-588858043
-638577868
-671170381
-106025056
-133349356
720440681
-15014494
-282221705
989074498
401851215
-426927940
-723694817
-44989024
812609180
-67467274
-551719894
670265966
-258745146
-824913116
-530422494
-878625103
-259924854
-135897016
-988203712
-553553135
-805768445
397115870
841470191
-599891692
-791532319
750813243
-828933914
174227124
803916339
284524720
-264101577
-470046812
-238367995
-943630515
-445045546
-415895395
989696116
322857539
195110386
659837390
388314685
-894857159
-953892987
312899103
552398049
912863556
936921396
-927666843
-117482201
820251178
-356127719
-92420133
867611317
342474945
-206801472
262086323
-720344047
420642577
-637157121
567030705
-580502314
289682221
867589706
150548124
-653937082
602501603
-890834871
-984959943
-459756781
552124282
886163788
-997425751
-72141396
-382992515
-525062008
797075258
-670792045
687855768
456086459
172487408
250817588
-51414255
820477682
33991855
951677199
559641493
-792294633
921821083
697341305
-350507126
-765067568
-539513334
698707154
92982861
495130005
154180818
-626509299
-119478043
174670647
109215581
-572571744
-44042548
499773237
-306659289
-459199743
983228447
666758219
-725022368
-52145323
227821726
815856442
250825104
82146415
554032280
-842365579
790370221
-467208937
-651543848
851688388
385837481
499680440
-19846749
-194268965
191922481
882432127
-975185857
-512780776
-276351355
-335218901
-381652667
-496680518
-65135291
-720596965
-639561620
-4556854
595018085
214402590
-966094139
-267564402
492528219
-362582926
-974636125
-671005000
-59338993
-787581378
-412685181
-198179524
-286184127
869355391
311331348
239061437
-385050650
368601487
-565206467
-82540797
383838848
-498714944
712640851
-995652449
832096865
93528181
-824235749
70372812
-346962412
834393072
-810349111
614544640
-896737269
-200008085
112930775
441170058
972220210
-239364528
467637695
201243079
-560795837
-69180172
462729974
356987577
-422366243
530376949
-869625733
-780482023
332017124
-97648494
646417068
-22070968
745922381
-270022068
-784320505
774333974
127402696
735327609
8919397
-556610854
468074401
-168195417
993276028
-747316910
90773504
578702870
681694382
-939652586
901026167
379796349
879372768
976169297
434324392
759018381
797119112
403715775
221201269
150072687
-732061812
-65738183
668138915
-346270706
-635673457
-165406237
89439633
-476050744
-612512583
376701541
933324946
-811352891
475390824
282386729
915147551
921169539
115688843
842025221
792158508
685265952
898767321
525587854
-83715160
67515015
961198969
-471138646
-445441938
433832046
-244655073
-899573709
-694136981
-689994346
-577915400
460044874
626223189
-647037321
741185971
-450929003
-169576893
403661235
905510369
-679760872
817691169
152200821
927931705
-548565782
-584098701
-562632701
-593094
-442930588
381783514
-343314309
438021317
-147508140
-320324192
-149421650
589130022
811134898
700827932
-741135920
340099047
-582174208
971304449
-94130617
818585815
-453621176
-582270253
823843863
625093535
7655534
625622414
206413920
-244917225
215919341
-333479020
-889303276
-430929237
-724635567
146994646
417136298
-725674651
-451672218
-50833125
-528997488
-381394285
564808212
750246089
-604399670
-582206409
280157127
-966451572
-643729790
-178593540
-880532980
-62324386
-796841279
863000752
190816561
106712555
-819810997
186392481
771913097
-480643768
-285902290
-9353877
-177172854
-617097334
-934500290
399056575
-711192734
-516637120
-144872501
-96182841
-583488750
-54928547
-674871739
147174672
581095604
193040743
-325584054
-176132543
-496636457
-952434437
-627066019
776960953
179831706
-694253141
-198606644
307267389
-193880987
149019368
-730493167
344151679
-648847431
956197524
731659211
707791483
-909289753
-199275413
233486766
-638239996
-461965722
386084256
641386011
242998890
-64343024
-114143257
-173385912
-810836119
-200544883
596269743
555215943
-60116937
847722129
393347262
-857243460
728411846
-562217853
-291569628
734879300
-496642855
-799248772
62404082
-666916958
966150611
349867373
-809420802
-934356518
35659628
-654082733
-696795797
200691408
76395654
-989648711
767446908
-717164884
408503527
688421665
-843533100
-425735015
702535743
374103969
-927186541
65342021
-650044293
298430757
679772475
-294067577
67101128
644722543
-95145856
606009409
651700967
615328312
-885552188
484291589
-216813003
732285034
-979322268
265176083
741481747
376866488
-552276692
795247754
-690106905
-998641398
749968198
-380825209
-374549720
677950732
244010933
-482508376
-113478829
-196926575
-231829422
821643331
-925969957
782337036
-872394982
-876642741
776637114
-822981200
115518779
81637409
382042206
-993996646
914660109
-834373642
183759473
-747612850
381750602
-156697171
851833236
532532175
-516900737
-129286241
-406590446
-909162542
364452488
818370898
838368115
248479348
-496738886
189064817
712495540
-385123688
219424981
637106222
-471645269
575262682
-248624632
842342516
-177607431
-388248458
-656641135
398935686
319092023
191962014
689187038
254417813
507947305
-540129907
943726919
587200775
918406599
-422545508
-552204820
997483162
751681557
-335079093
200746435
820563720
-191921614
-2904237
687726726
958665854
749209181
-767098682
467775085
-285385145
-164078172
473634311
-716161171
29832126
-187581103
297246285
-707447717
-63386359
-519803215
440902768
-223462550
448547152
-712812691
-223138345
-775621221
348692125
739707506
340862740
453761251
166730111
-437334866
123071471
122668908
-658370241
-956656910
-244055699
-578285713
-676506997
650605285
-557238600
155271155
-814711574
759763835
802014764
556613830
-931173069
950976610
203765141
-742999812
-757106127
193441021
-883777713
94454905
-499842916
172610085
343814096
-265742169
-226621711
-322562382
247218371
-70760869
-728650121
-650999580
973699372
433319903
-249735030
-85021556
507023995
104722722
328169210
202363409
998982814
-585234210
-22431097
961265423
-476000389
-629552080
608511718
-121586189
-576583145
-705399761
-327749884
-391897719
-80883657
877018860
-931072604
560922764
718356651
280284427
863824283
-760275783
12566056
103735616
-73638853
750484427
-705408668
692514153
30998511
303255906
662092041
399444432
-192773561
784033839
-839782204
291662576
-391203815
-237628318
579598869
-297795700
-620640979
-65499094
672947921
266572322
147091541
-367548922
-980239257
540486546
-226381377
-647613884
-707314997
-912528822
594245658
291712567
-428995156
-582611351
-652368407
-75630878
-291515012
-936122063
-97781551
-737837219
986906188
-345961083
-413756584
604207650
-966750085
745351201
644097670
884874786
527534740
654424463
692092848
545520079
454402542
