1000
-236275283
-605923418
413000899
344188663
-355202839
963951568
-711271203
78994496
830269589
-328559171
-173223641
-497689976
-935239055
-426861522
-560508697
94370927
-862098823
464120961
303358557
674045800
-152915327
180988278
-887005500
904741190
534513012
-491587945
-712462092
-795368053
-42459401
-575201221
973488967
389706741
978606554
590355226
-990524872
721635947
820916500
-677164360
213967584
525577535
-371324675
893935815
-721960427
-441733445
-567742328
-48719068
428522999
32916736
-732748905
805259415
-769357180
12183264
355368058
-176662392
128547236
981213982
39634717
-884123755
-589418400
504724209
493377518
-790562926
-2302773
-877984874
992844598
-51261518
246484915
-50693160
156428456
-876852972
-274059954
874900406
485885333
81493585
-638341774
-697360847
821814546
-593774578
-858472874
-208766347
-262284697
-722201451
399275385
772678508
-590575700
-344303346
-804179168
-667071933
566812626
429971055
41700594
550750672
-223559170
101255587
684364763
-270407714
-623419239
889432921
284230564
-332423494
218063421
-648884633
566564732
928912595
673503898
-724336230
-724727279
330235395
243798384
249543573
634768620
306102597
61729198
766556433
-89527229
-737813412
-738866475
388906662
763345366
-604642773
-873016118
-910761971
-84938937
249671132
-153165612
3017143
493099483
423473449
-430941266
-831753221
717823612
-5674169
623229689
686402530
998153760
924959080
-305763368
-981516897
-527296141
4908622
907338741
-889134689
-160680227
-641933606
580122578
-66914663
-441230940
-379865299
353806451
-827263574
22497369
-358625909
-766351425
401533026
-535904305
336972864
-758732652
-512756609
-517236093
174765932
-216720369
-466714005
611447749
-786457102
781725700
85273880
311223401
-986931949
-764560350
-24575402
925513379
-83362283
253363214
-975392735
128085434
425525170
713480850
-919231453
-304775223
137046596
549332964
-180354196
-324490647
-520964484
750615829
-802560395
725659888
913097779
675858683
78988089
181942793
-609922343
-478437048
-699249384
50236880
-984513175
-775017435
-556120212
-121809019
514369001
-595850155
381647384
-976402547
-301142665
-900537396
956238039
-273768931
232735984
885514096
174957263
-97163577
958671630
315024875
-736564216
387898007
503250720
254212185
890351394
-166404941
127924729
-134919892
-776727546
345124433
30506669
227139188
939281296
108407462
123651954
438900168
681503368
-510647171
543182945
142333842
848943193
861629472
932718803
-300357959
-772185440
989915755
-255524645
-994843470
-847507860
179162516
187216776
-263580631
-599990166
942458146
228877181
56222580
537550129
-27887637
76397884
-7449421
-272349518
-783698344
-172534977
12297103
989013875
-180008501
-67127576
-397101734
-417671129
-938663444
-151708769
-955675
-200736316
-89135832
10490505
767408397
-818145672
-714911805
-902473514
184021864
-337742505
-723357536
348078593
665902259
565133686
537536915
-896368388
615063283
531645459
-823800410
-466635638
624220572
-250724352
783369008
-844979788
516735223
-612921945
12059814
-144397643
-747178707
-18146781
-651299842
768779499
584107629
-23151324
975636587
-687466832
864078772
-704494780
-173216282
344199828
24243674
368633711
-520530434
-534132098
785043546
654360137
-378605074
-952049688
-429122673
878944825
-33593962
-999330103
142695649
214319501
-518450766
-454085961
-259521023
676558108
88812278
-639360347
794677349
-739440020
633225110
859109304
-832726126
815084785
341634027
-251603148
152849423
376267906
-667524848
-91464627
408293018
-275203056
665676185
694774691
-52558387
-528758259
-572167453
642128934
-482950837
647210063
-779067349
-60729467
257843132
891099978
501580393
-792538869
485188977
395665257
-711081644
-898454294
-747861511
-672336341
511811095
-144129309
100960610
695173048
952333960
-751816963
-943201792
-419186557
-363644329
771779562
925882440
866654643
-540935113
790027422
-914019326
-89548158
-72462413
-354864536
-216365264
700939465
264334760
163027120
-194922137
348800638
333522588
-352503956
214887488
431859557
-206306617
95076764
717462287
-977327788
-355955854
614170281
-341839444
-154057160
-56238751
307527855
149952857
-541398329
864434849
936536554
364969434
296983337
526009674
657796198
-409285252
739189191
407047068
-673720362
757566515
-263896697
-915916295
-206094780
807043433
-138559391
-958135333
763918477
-236864562
-894396556
-739738853
-59372026
905764582
-37969339
-331929299
-389464943
-759806637
600534871
815352217
-22473516
251436234
-214992036
564846887
736993556
106688184
-447099748
-579347956
94950829
-403040044
-746458922
-777253390
508987890
542439768
422025760
993389278
207217635
-882394160
367187135
938806370
-610296782
-887943591
580916870
38457283
-683088625
83478890
-444409135
622835814
-558398500
9866232
-531111253
-861914724
50760444
-168976472
788392846
471525890
729997484
-452218216
-519280366
756939512
394896203
431452483
924753699
-358003279
-711329411
67120130
894450241
540627085
-941318911
45127138
-278681452
968010177
334459077
-610996853
858240946
729586823
86137138
-970067487
640344197
-141099446
749010074
-466617553
462200940
-534682856
464187739
-647340922
-268787332
804661476
-452327118
-166749865
431366910
-120922400
-781518183
-124276648
-157590914
739505133
662693963
883936609
659572460
-552602195
-149830049
-747008188
410905543
-538355158
72902914
-124146832
296525720
154465542
-122097857
216798041
-207162823
-689985472
382772710
-673457856
-136409442
77452150
-326844606
-976207894
587361067
128218942
-296577274
-586285381
33821812
572498507
-238124369
-692918198
-430009742
871377304
542932125
395105956
-308227343
-861486550
59226840
259205688
989110575
-918297310
-834163224
388665296
704563123
-552522156
-686004190
844175823
-59686598
-324688094
7855237
-591360930
-537165419
-460101157
-232056282
-481508480
322336496
-339626730
-634790122
-147938670
-177004236
-440472729
171136873
275934132
698841477
261761480
990733080
-44168931
896897950
-860806992
97088930
789209968
192140592
958257830
-986167220
691443233
470399581
-593980083
353463892
-972362195
420218965
-860977541
-478479292
982367470
-78310555
821646046
377925501
-640635082
656710074
-589271244
-29371309
907786958
535722647
-519316175
236076523
-402977722
121925686
474936116
718181341
-809169408
372208872
670531208
-851252392
-466296634
784581935
569808906
-784107231
977704940
-76924836
456698273
-164337964
-172863780
545699376
-945251815
-985926895
746245630
-564406160
869945153
369019763
-890878547
-101964096
451818262
-663550110
-339645790
555564851
-389859769
-719410616
963198131
-186711473
418043913
-179522679
444349731
-753104097
-737201700
575816550
-769335171
843665710
-638154753
64501065
286102558
-883341655
56671811
617957729
968985954
-40866947
771284269
-950300474
-308601328
106663044
-725129064
-153384676
-951171958
-701630480
184018654
-461455055
738776923
-580255868
-242699651
-596451504
-129999175
445694451
357230396
-217939063
447232930
408379178
846225386
-11446409
-718798748
-530972415
229549272
-443769292
-594689713
-740295817
713893084
976942990
-104769562
-470170787
564734449
-201128551
224639977
-294918522
335945963
-23572899
-366054496
65862415
-839341591
183437253
499312601
136831945
-972173118
-265788294
-421396218
530342988
62997848
-767408268
-744931278
-576968213
373849251
640610779
-627178561
571650595
422483626
512058605
-262670037
-49496212
601502423
614987859
70166485
-381245507
-133092833
-121095945
584304390
647287713
449600379
-768742958
-731395846
504259149
-914353750
214208300
-361204811
450885804
350587523
147011299
-985083612
-886556693
342455650
-5200345
968312555
686719953
-581229341
738970953
-85545368
-312637927
878178673
463665794
643699419
390790961
210877657
-352149670
-355875668
556727393
-893980804
-75665426
975319053
245686925
752419447
718677076
175331691
681875465
-841122567
-796237798
504012006
371384077
610196658
832504136
542317542
-384845132
917867135
662025967
-825587239
-615096393
-777690687
-856370237
-84461060
296702169
-708022917
628868685
-180954364
244337997
-759150229
-61568458
859978423
355782966
224627820
837870027
-935249981
-535655443
-896049352
-294705826
424893554
-458233825
-710247920
-745775814
-46255844
93406747
238917581
794823712
890615257
167158781
-353810825
854498892
806552103
-969825160
197290526
647910263
91702750
-506838962
-393758611
939406211
877643446
-152729161
742198292
779154557
-419818551
-272190230
477516655
365267323
-923206419
93116867
-770446892
740890828
617420847
939325424
984550451
-846463880
-790337262
537630688
181813406
-819387400
852070312
-517875760
-857485800
781036624
-487300956
815847032
-261899498
440650479
425565716
170801745
-839272186
-236055871
-926931270
-53200741
155894861
-739053078
-563005626
450646374
-556173519
-799590714
376188300
-157654690
173293221
-299735505
257884911
-498500675
280461127
992050666
113231116
-509566516
-197219722
-384991702
-393802255
-822572632
-122534146
270052731
410953793
-32183359
859619576
677281849
92753777
837657362
-375574903
811655016
-320039761
494161523
-514932385
-58390882
-6125147
-173673451
-203015711
-572102040
5501505
-82067538
-568112846
-51850340
167920727
647909209
63358872
-269351696
-30631694
683976396
581971464
-192581084
-729456354
-677818228
-934850780
6370646
-870270163
169700835
-979961711
-896494184
-167892192
-519764991
-460250795
324444892
932464845
835343778
603598391
-302766161
747370533
877092924
789895552
624938979
33682733
741329435
281217474
-574766987
85731454
55345364
416821245
-906946679
-23496026
-251305834
-686317561
-692146283
-40508574
63910396
-392164237
332105659
296776038
-783152700
-897787499
946301503
522083165
757070460
-914296871
-158841600
5378354
-640170903
-895466430
890162828
-764495686
-258729109
-50406027
976502815
961122005
154718051
-911612071
92949268
-304802942
-266857754
-58535177
574317169
-647664199
-165945831
198582354
327884811
-4278013
-268350232
-702058438
-287688202
-659030585
258309126
-891754020
-476560954
-604828321
-901656462
-79473315
433918382
-776659661
-732053129
-498547407
-632116917
556112742
-937120182
925083608
-956107431
-104248864
109811452
281871458
-139210665
900392858
842865389
156334902
-114089004
-266811607
357799548
868479331
612520157
740911122
-543768453
559322420
100999816
888137865
365536333
-35703490
326719735
-815454898
-875746962
-423508882
103651748
-312281856
-818510101
710353928
-204635374
714155108
13165584
-365884080
-215311071
