1000
192205280
469963441
907053209
89620135
-587764790
721781421
-907084279
361442378
48956720
452934915
990273272
-562487886
-18967105
-780092609
171023011
-863061365
-654879
188480558
-952495680
-876095201
183782499
599957211
-16610723
-640242055
-384487535
46794280
900908513
-444523709
-608334458
585084380
-878187887
-273659754
501478780
-938888465
203934869
770889285
839325183
845140361
-822905745
-959064047
-480218173
266142714
750704402
-709786482
-551272437
300144937
-606309834
475786678
128561648
-395929317
306922180
982012236
879961377
852868067
831189458
609480670
153331650
978703677
823829416
-644867940
567256545
8267422
-61577183
-204226897
220650760
16060977
697989713
296220940
-737852816
518563044
93420541
1322519
-528352436
516386545
473776832
566964131
243124830
-643968469
710374965
504027022
621002945
-329949839
-756118482
-523811104
820923468
-298519978
344893839
96913713
918732729
-336618151
865830796
675634884
632580475
-118468011
344563441
-940167314
775892587
769939996
-571476080
742362831
-243916976
599187216
492217179
-165675867
-183561768
266134380
815697765
-674621765
622510123
-791908129
-905224131
6446954
-770803536
-908774866
683215048
-443388429
23589535
75942693
-71762689
-35821048
-432288877
552894348
-916281109
-904601595
147448867
-503580231
447884914
-247744022
498799668
708127513
-253166617
226916509
56738256
634878490
930596597
-242438917
266586970
964274086
-942123748
-993290337
-710584995
348211335
761654801
610555751
-538237168
63267885
368545425
-537861062
323924733
802812146
998920172
40056993
-522095371
635215801
-295191301
-381746046
-907360656
696706706
567197711
-244065450
-702704444
970932020
-173483655
549007255
-411110132
-64016026
516569925
-280540808
646919709
-483795828
484443938
-372469972
-46530839
65872047
-912775355
193886996
258874668
373052692
373983854
844252507
727348914
-888832016
52824660
-292659806
270266211
-459701747
-777945514
495542762
191156144
765239711
529710769
843034428
-772886717
-270425308
-927710354
793367469
-38878178
998048077
-780195746
716064665
993369054
698603538
952994586
216994393
482615155
280669998
80218454
871037587
-402173576
240553868
947658871
-117466249
-312827552
202227733
830700678
681229876
535180264
131014468
-185062390
422979319
-274862779
758403931
531696196
361055280
-950716044
-817018737
-514340027
-975860621
672245492
761172412
483691834
359383303
708286148
-585310957
-837813177
489556511
-34632995
-736729735
-352965379
519641794
83582012
-52888778
182024996
-636966319
-105671048
660755582
-993607036
65633224
-191128441
-145387150
-391809100
-554049036
76412959
863814724
-558846873
-649755060
-720095344
678583236
200099531
-734298341
-453443631
-166803813
-868716101
43629815
798503838
200444410
918114548
374669021
-641437141
-982356027
313203007
609470338
-120312068
931410723
-810706306
823427672
-535975332
135299649
480492998
-587725790
459282806
-861481465
-770779127
888750507
653452595
-677694351
849848446
-180412802
-673627491
22285903
-503128032
695469021
291548941
-199530384
534557702
305211388
900364617
981302160
-215756463
810643711
357056161
401191586
137114288
284122611
415795937
-969278713
-241894003
353278031
640485853
-325786194
-253713744
-253055905
-424445813
-817452674
-242694913
895129334
275757010
-590513267
-595435219
-352074909
-153490990
-944353161
435638157
866319311
994364396
792463657
-939065946
-962184139
125823447
-926894112
496113749
957573876
-969069282
-418168806
537183971
-592296113
748965937
-592271784
229367017
399435880
624356086
-342183322
868211456
842505305
-595067443
-71273466
-57888676
527859398
-763052247
759105908
830614937
-647040391
-451893856
841503550
-898181410
-345785838
-334620362
132330713
-725850249
-765294958
-47881468
300257267
-334287263
-609014436
-97162919
946618354
838201813
165006038
551503999
-172367697
-419517953
-287915116
726570700
37737161
-886596025
-894612412
-927762187
363450824
-299973367
-477672877
-198605534
-686104488
-442705768
123839824
-373235223
302663659
-241380738
-867674899
-294862325
379568108
454747983
158050217
-166601925
-835911265
284090456
-538792270
74231709
236266579
971145308
-88523898
-267826073
-350095030
-804307831
-964023842
-193870262
324664498
-87351078
173606096
-886137652
-130616614
864801667
-628979744
-978486716
-520747064
381188452
-199270742
666410304
-568578508
437521998
-824334466
846231203
697258564
623615580
670848368
-108324942
-457035762
527641181
353276573
79446597
316637252
70640786
929439188
423749711
-567134744
-969804845
499233427
16830480
236609285
-155549960
559230363
393773810
588975757
970752511
777632245
-862262100
-995441555
-46986915
-724582252
533341852
441107869
488418064
-115203008
9897690
-938726318
-519678617
227733362
352512730
67501650
332562771
-331637183
-830904607
207643914
976299916
619796597
825325807
-389459037
-572064555
57282867
-266766010
899469174
-758194996
-179359156
784128405
-756304354
863252399
146455202
-238632160
-174417690
73254756
-190153543
-255905413
-799755847
-601124275
969311933
587213809
932930219
-380048094
-903947236
-697564876
831384761
-514788534
-66821796
-261456260
-974895325
-61594440
-249686630
453839039
-190929942
932685899
-803047198
-420296326
-983718866
-310175796
-213533278
694371023
-609903661
981706373
511397234
865889961
977328061
23096575
-836498847
-185510414
167090689
698731605
876647131
-215830509
-625118630
242347651
793443246
531368053
753373728
356142405
-824495800
-876395816
-572552343
170053185
-179212925
-211477236
140940980
796263224
-730398055
-131671172
-754121032
809187592
657252494
873724665
845965963
746443057
-35288986
-567530896
149956078
-825505084
429227503
-195934272
727177493
782383093
-25663316
-496382336
-121283871
-484128713
412359830
-889372134
-1151550
-418768973
-786737204
-155553996
100985376
213831593
950209602
-194193684
937384954
-466326194
647773065
90223821
575843336
-456357789
48851389
280861479
484417676
13406
-208891717
209462365
-482256926
681188592
505314269
628172920
-215985426
917812806
902320942
-152067945
607190186
-436181901
832147194
-861212282
273146748
-755931726
-400751503
-946782453
9694052
-914097832
879363584
277321311
-583941940
-343426275
-133403176
-273647185
-329631399
171073875
-363170295
581286439
-993689635
-283546602
-579491803
19236009
384764051
-345023054
296478881
406813735
-64613616
-340853129
-478368529
215551739
431506579
-916722311
286020033
-860656790
942961838
-546301813
-141404605
-652991661
-177550533
-839865521
944756800
-990918686
18636998
-48673731
904818487
654419386
-880197027
292125077
-602893236
-440857997
-723169636
-698414990
-761329944
-950238665
-867252061
46726800
73618553
584883031
-356460346
-33004214
-619435971
-314021827
-727679927
-123558929
-507652355
27858340
495949824
54379378
-893691378
607963179
-198975150
665793550
764022391
791932087
-339440009
281327600
-667335572
528241656
-816022867
-777966797
-194493684
-747173417
-415042372
-579436056
-88109430
793364005
-660907394
-452983727
-850693235
732277660
-341200968
942056041
-620516924
882050629
64202902
425130033
-449712386
278203592
651921651
170541910
-867631230
581894955
187977283
19309772
-757177371
375912792
-446047780
-197041150
641486515
316742624
-815521901
-569257149
473447333
-913806034
284656497
-492840662
287058524
751899603
557100161
466746599
-277240705
-755397858
-760213597
874845247
55045396
504577508
712238758
-115214753
333562465
342052775
-579803026
-908566532
298578820
-461101776
-754950328
-665587281
-858338767
646424419
189325738
234010379
-275578015
-568496382
-710696238
443169315
-213597920
18780342
446554122
-506336411
521892984
-521565954
-640227387
-428678644
-932716346
406824710
-256062933
814405179
-454763462
56566230
-611943165
-686017574
-839635712
-533459643
-570145120
-782502783
-341849034
-205532409
760612172
-11722598
185952742
307071981
-530204469
704320136
70205937
840298307
79752111
39349146
330601023
564069963
46653731
854126034
-852702324
-488655740
999717227
-190853523
-362047243
802219262
480421059
822316751
396467980
-414483398
-370564016
-512297351
-576027782
-610094309
-304143796
-734981221
-674629868
845026875
731731161
972225144
-327941071
78520062
869458804
329200941
-178334854
965071105
-551947673
-721201864
808507533
417907525
-424651966
39200750
287065677
365515556
311373373
-762037857
-356551482
992669182
-741515747
-946494355
-699559908
-49454769
58851685
239207348
-664530038
-48860848
483134485
-482955579
-133878372
933016548
-989157266
143997532
-444789188
392780893
784373507
-236061678
136596278
-922291521
928767194
-814831935
-401332612
914635918
341046975
-868461698
-448882371
-303386108
231712954
-519566547
-872511667
650553493
83408137
804816851
843979299
336500715
498288569
-48440391
-68290615
459333730
-876825228
771974955
-217663604
-365719765
809342159
-821756902
966366031
-892687614
114620950
-397842821
618987624
626624934
-119687526
-391687209
-439481974
-101748717
-667994991
-252607529
-589278806
-110005311
944290308
379153710
-984390574
582693011
-537510189
811397799
-505876333
812802929
835953229
641081050
-715759710
-463717643
-941625617
289606119
-400695563
-998678040
-211036446
845467980
190300088
-38430330
-168819793
354641555
-124106524
-821460257
681950325
509402120
469853414
661737155
-298505965
354391978
-446559572
482629121
-988995712
-428698046
358741897
-164949207
-875880677
189931618
44324342
632918694
-893818932
-325888465
-169117778
-394824053
-695063830
503122491
-231342792
711762701
638010602
-944345509
-119056180
743496646
120301615
515349862
-544601389
340074983
-250483798
-221434820
-853365622
-759338648
391938486
276490153
28611758
38700196
457835309
718471270
-246586756
800437929
305105767
465976678
-295245744
799029868
238006357
-109688550
172702293
-406344469
-423724517
-356821603
745604655
-614485689
858169042
649502071
373884259
-15118827
813957105
154370960
138474412
-968260848
-649900871
55536387
-575724565
-907974374
146838643
-460306958
376761247
-875203006
-272421443
830393559
114247528
-559241676
-768873638
475199764
984401205
-98190970
-900850073
550053273
143652455
-230835459
-933308207
841371555
599166016
375337799
779879161
288242903
-802838315
457378855
813702943
683959218
813660699
198481740
665570530
-68770132
-660348738
-579098683
677982965
772819622
-55650903
-868242932
-65238601
281571019
-126187023
544408193
472395196
-243650411
-511345905
-422374268
46346332
-944455589
357663395
