1000
-626067580
-411551591
169914355
645658818
39897061
-694755565
-418289404
217572708
-458052770
-376583257
891113488
-349724510
742831543
-199010692
-393744011
-277760135
-454795485
-968707963
929044843
-171766572
-139687197
-516786122
-26272338
595552671
-8801211
535270520
-721031182
-890147707
-453373416
27958987
553954963
-271149465
591229559
249665157
912780639
496019515
-721458211
-830375494
-232641388
-593315869
-68520808
-915050308
-691572061
-825635423
-109780439
593809804
-789701441
155892556
952010819
-247916090
354287043
1666218
-745755854
-136355696
587156847
123490850
410557656
652144484
-420823080
-443328023
-904500591
-706600305
100549119
-528428316
682012800
-736494382
181235001
-73827135
450577461
665691063
274949594
-703258565
-818976317
-672496761
-681569344
-148510380
-24120221
819543692
-340323819
936005370
-818806348
-602255
702800413
-480183926
-977903541
819748814
-467554692
-875269859
-738258238
-950009801
-709455272
-992478863
892721703
-578233020
692321370
360324182
141775246
890315641
896449185
50091774
-924953825
956985939
255426092
-550706936
-233974187
611388808
-155058801
-71084524
29311532
-936295726
-126995541
879477309
906568258
-882807139
-64829701
358221791
-234192945
377574768
926512412
2282843
24952846
914383236
341780971
-77570222
522106085
-314560385
354228533
208119254
-252575880
247431485
-470743477
652212912
120362907
526842479
141063957
667473822
-141425227
105657319
-123806126
736959718
857622854
-423983132
862983860
187604309
-133087015
-404353816
724834976
496548077
278906087
191137280
-455867668
-8414467
-892989843
309466853
641990851
-399979256
-959080701
-762008024
-334121536
-630708485
735890289
825461513
-686244678
234049755
-729585673
348372507
881165649
-43997897
-507825645
-826019563
-227637479
-822242059
915073601
828848195
-220790890
728889365
305513578
-132109376
-767603554
192503080
391936141
-251092699
-394998348
644604460
245622903
-637300653
2817703
-505302554
-922505041
695783242
596215148
970484066
903262610
570049700
489207801
91176032
-525569099
-268934380
434134044
224316038
-464410684
304565760
-120946858
124009642
187234690
-757988697
620021465
-801663260
47760447
-550639541
791479872
683883720
67405726
297896488
-7488000
692881492
-593396292
-738613102
-840783343
-541504203
-777734564
820815082
43380154
-815152496
-60987534
-482775063
246570071
-26891125
736041670
549024511
-821273765
-484116227
719680805
-925736605
-62215084
127878698
569337247
689184658
831387813
-465273338
-883231468
182872092
-98550641
-951445009
-275308326
683372793
264208457
608047590
915503831
834639510
-960993089
-150508410
337771376
-616331718
85691732
593219481
-34268632
727630174
534035272
401275996
-159746058
-619213864
956438093
-64228739
-687269940
457506000
697905592
-7382821
-645395064
650521567
900357046
-536538707
878420338
-96068069
-749758761
162224856
-149904957
-490076358
-386596896
87299861
-425897682
-790429177
-865500953
805988585
135098002
172813414
-559799176
213714515
-233551284
492017362
-200836347
923729694
-639394935
-325283588
2346739
-55948628
-217004285
96526273
-895995923
-21774166
231834779
-434621314
819419338
-976443988
468220500
844700140
262891963
-326362294
754523607
-766302917
29981384
738265031
-695750066
-947056164
-139613377
-279865276
637611860
500415509
411530054
994019414
-671481051
-935504845
946416215
-294844769
-981917213
-697159256
-509299961
903007720
86043990
104032612
-711093852
-828342260
-77163244
-531321572
-830088612
-793357332
-928208225
348782718
-570870780
-837454767
-155843913
-50290911
676858729
-197868804
632856751
-220723079
-74539665
-261212859
694515086
-673293045
699126293
776555794
-843114214
740619624
345729903
383547341
-309014122
771354246
-197666154
-151177723
722227063
642073423
-951090302
-288057934
372786302
-240306213
-263336040
-681671237
-308868421
120486288
-606945380
551466219
-973577345
632979119
83602921
-507599350
-391703008
-186843147
622075371
770384695
576459065
-968083621
-535126997
688245894
-794212074
677936198
681506861
385412794
217741592
-985123058
-519954158
-834179719
634981491
409419522
713238762
346779215
-283547528
655402896
956346787
748925193
106825570
-153840984
-360562415
-40875948
727330935
183382053
336911227
632226383
-43838341
919490287
558381149
-275941292
-206252147
-956889399
-804686592
-897771542
-478448103
-321071638
-12732254
226059346
-874412383
806796791
-87343517
-873657956
-241781944
955521917
-131344090
774411819
59679657
-105905348
-547175237
649095345
-137447060
-38505262
-136851992
-958233087
-134944788
808324913
-938921582
571929030
-690581716
-578942377
374831671
995826698
328467407
851270493
505286747
-677441891
-502833457
520702513
560977564
-381381706
368378537
-919385516
522749825
556871904
-421540625
844422377
-827271042
-884076214
-606944359
-127517553
687461591
896837474
-725093155
-42167816
-791383802
-644114703
380315774
335113589
236168510
-503689947
287579257
-364324255
729214902
589622284
-932459550
378622251
794762091
332667686
-651671267
492635833
408235299
-455146227
-232764579
261090619
300125206
-133134061
945499936
680914376
927759872
487507763
703860748
-111454218
132657341
-956360902
964747545
-517315880
937458096
-599926844
658681297
-78452917
-297054207
391668343
457509763
-700521736
-646275659
-694809975
249961227
315423231
-589852945
-641338940
-639391687
225968378
-731969310
-626831311
-984407966
-14663346
-341217107
951518424
-890818004
76714840
-779787579
-398232310
66357321
-502230491
476349533
57695471
-671462316
750079291
323350609
848196225
35132604
421046075
331226296
844031119
-43145057
492257623
945874402
-391191193
-438985738
208493450
603427177
332615577
409162225
-536979808
-119440314
-655127662
-901510140
-671773309
756299500
754166678
-782977410
-227875332
48233373
574697797
860161016
-782694094
928067712
338120196
451582477
14240415
-835757207
-321983720
725087736
-565720807
-354220748
-488216809
617371364
-746623416
-954838042
632506274
284350404
-284035268
-658597252
894243957
884510790
770556214
423758504
524151186
-563679596
-384237123
609484371
218207565
834114244
-58855413
-311384688
492699664
-366424439
404082076
-504645263
-735233211
-637942679
-52346111
-78200269
890540269
538632660
-864420057
836773199
-462152254
-665636706
-111645215
-227696656
25219051
486226381
-458411318
135812225
-100664864
954110606
228934058
486907256
364818905
731583737
-948761169
981210161
430258978
825139241
603937871
-654775266
-989724330
200854309
-932304788
888900895
555353691
297349997
354946968
493128842
-672544555
946524202
-947680075
-502918619
-929767732
-686559032
-724807538
-496394872
85279208
225172753
-646175334
539210951
-371899394
789521878
-406328647
452767022
-896928181
516322539
258989949
-91242303
-310433261
-909120068
-507042287
422021612
66089604
-13645180
107166884
823330907
-61935871
625818698
343775329
-695913152
426551485
870331198
563582723
-922158612
-514748005
767453177
-799958398
730855571
-135259284
132489607
874407549
-19529622
-60978459
-2585443
302154412
-487472439
827789837
158030462
967372602
618869922
-65330409
492241762
87840667
-776639385
579602042
372465604
785982627
858675039
-977536927
670689916
-383638810
-318100402
-569529524
913565272
-922898918
-598565356
-763105466
-78654830
-325282482
921386989
-73735498
240330869
146763420
368432303
-17041251
643965915
946414031
4264152
-175735343
226739015
170722506
-280924781
892632145
-226439772
-253754059
890132771
-924082400
586653180
522030357
-675722075
-284996030
146678340
-306326310
-205819144
-285342516
668205156
781090693
-577741125
-749265259
432812309
-281431923
-790916160
194158433
421738439
-923212115
-4611481
-852894014
216665043
-562993431
801069037
-187816131
801524137
-634079607
-367495361
-118959646
426510949
-188373792
-115969535
752841625
431523883
389217306
32751764
483527474
936409148
903548318
-383525138
222884009
-258104618
-622385967
-14237273
53427987
-942918823
-992722415
308211667
-576920544
-246016727
834007541
-756471824
-115263689
-179234287
-87563932
266815299
356539085
-631708807
292047126
-415770363
347493405
-183265711
211485599
115569126
-31301482
-882825742
932747218
-139882684
103503001
627187352
-615823237
-691835731
-894562801
668171512
-581519601
304208693
795493805
315028915
-532203939
355655197
590263695
385212041
-86666022
766374509
559567948
621581460
905030830
269831830
-511210515
683272270
-311098458
-918140330
593749118
-833415352
-908915364
467623813
-520755128
268583880
-748300809
543682305
-518233052
-882933411
669488320
158948304
382208002
-905373560
743578262
201232500
-775107395
-378417071
-25497773
573369559
386215343
-890121426
-365721371
464797541
-359806704
-678277448
168733738
925123291
-54883744
223847057
-639975117
-410645444
-629093750
810912109
-247021333
-481126055
263869796
271609688
330814323
348448102
11275173
-619615379
-291231788
510814944
-906087620
796519942
567926796
304589180
120287850
-407667874
646177302
306684121
457383030
-394203244
905032053
-671556766
569765162
632530308
-60037811
531569936
-221078520
-282055880
-590339666
911416292
717089257
-627405398
639173626
451451253
921605143
-566072437
-225090279
-386553139
558878350
-546933911
833085198
-434408698
-527459883
946854320
808161473
903034192
-736049832
-560989622
-999744432
-554657477
48341602
668696999
963030957
638622789
-714923787
-171985974
-972766035
766841990
-37837352
564815306
742972878
22776267
260270466
49109374
469465216
199386694
-853219228
-956544126
269794934
58187420
986775896
-324610357
-502929995
814748423
276569128
45797417
-62457777
-515470917
-821328634
847992676
4339685
440356970
774977622
793556252
-183826108
13088947
686408386
443639184
-421880604
-580039640
714878142
-358296971
708179552
-421004339
-903492407
-489038480
427475800
-278053726
-575708633
-472451397
-721370580
829340375
39066361
-556805301
590815427
374265740
673188775
-935313424
-662241165
-93599754
-825093782
-761976788
575084553
821870342
627390342
783985041
-610979833
61093312
-173394314
-636987102
-539918450
-416335851
-523944524
827560414
-234162285
-98667721
834351295
960249541
-470280071
-457603621
-960106280
702100447
-701402317
410144056
176314597
-860736860
-80339555
-150411484
-584072003
990443974
-271618337
-892196545
-403003108
-939268362
-336585881
886560489
-50912179
-416856311
748515878
-550566843
365215734
430951972
-984909747
729547732
-942857032
30161205
856268324
568152666
392449259
