1000
384065179
-500412686
-42127579
-148370994
-389463065
582182666
841772400
206431749
455858095
486283770
-950803074
488821906
-84267928
204799527
955240408
-890830733
-239539129
921158106
-758644205
-314621096
-258418957
875767282
-678544593
370746919
-459566562
-342542365
-973796513
-552088470
-277273458
-928006888
-208251960
452652863
452444009
-978837762
3318324
-699269698
-262889447
862190024
810315355
484121767
765095081
642514294
-185376999
42910662
-574446729
799125039
-986739618
944561030
898459433
786520958
-544022279
189189016
-90827847
813397313
690355124
-242739017
-41550410
80207901
858025151
923280889
-126532250
350523500
576210975
-346852212
260111739
-273567094
-375055007
412653855
-124544430
-562673987
213449472
-889583032
-22053140
476203673
-701061193
-10286220
-148729151
-458145259
-251535393
822831405
-914671356
-942964226
-789731232
655171805
-853187021
-849953821
349324311
-257101988
177003821
23254728
-96372345
128117317
-230857922
-34190110
728169651
34506328
107456502
902406916
-189966582
-304454629
138517588
-408904393
995380703
58715878
-545193253
850306370
-368131595
906503296
275327526
-712314228
517094034
-779645267
-587177931
854857830
869583322
458564121
249030285
781779772
-357512779
276094309
-28375141
687494451
714313120
231842831
-988104836
50503671
-56767138
582204190
-927011609
888068547
-719736723
-588731477
637330980
-518588848
-243375442
670425544
-331342040
110545685
-169817760
-513254105
905893228
6711132
610007418
514452386
407934877
231682877
659153818
856269408
679407802
774087561
-243501160
-305892740
-705739727
899853355
955646746
-701394635
-60513449
730170346
-201527847
-827269842
-81025534
583034179
680404726
26216052
-171945630
37064766
709126078
-885333951
-977342159
-311453992
-223108217
-845379692
-57349830
751826450
-20697500
-576553645
182276444
-641660568
539010931
166837719
520882652
22395243
500048909
-10915617
528611943
-91147075
-863337115
-176463274
-580107691
-437685341
-428030593
578682989
-388621523
598153916
113037339
-676314475
236746849
154363594
309647260
177558739
-181872097
-727769038
389736904
458832099
610301751
582535340
76810917
30664710
-756426791
964959499
-79174630
-426393721
195561526
734139404
-571338912
209387082
-944903091
-634613982
-897239314
-439558385
10529372
228985932
423491225
-843154437
293401502
548580545
-206802585
-571393775
664758493
-288624444
-656610716
460797706
437998257
474716898
-724525360
408142555
770284804
-504844079
137678942
941799354
894996017
516865208
-54925017
-445631430
-677763830
-21906742
70176016
-42868824
617218726
925292750
-213148892
495423451
-814820047
-969074574
-379377039
-966441477
717591901
619047681
774611795
932627874
-476388900
173274393
580873911
-179124086
555810243
-558988667
982768460
938503325
-497943570
152121278
-451653210
-860378622
-347811383
67726917
-619616777
-44815646
1572751
-39830895
-461376463
282457322
-214288353
393612459
839284085
-652220720
-931556861
378553872
849963183
-182777767
-329784187
600226607
-616395399
677949475
-92555134
-528380799
813960848
-547730163
512198890
-95310937
950718919
37889878
-333309371
-401145585
793625735
83591782
-545553751
645550443
916665310
837883221
805983626
-839807231
-262539770
735133869
695401831
-693948133
649230952
-477830359
796542245
243667636
-387348940
719153696
-171935820
-476970903
-142929879
247689219
-665265753
623936135
104398005
-504373683
942268138
-523253637
-852435242
512723402
511677403
-283009667
-994790233
474653278
-608386900
325123224
226757489
536252949
274102969
-746637160
-702944645
-761343590
937244778
52395675
790852473
-65244162
-872697495
882336124
-220583111
-930236249
238668207
92041940
394059249
648248928
109397463
809600668
541332506
290465330
101552173
-137115627
-854021946
-28183817
634644231
-520293429
-415216159
772473506
38208452
-566689353
-945618065
171228592
713453501
499146055
446578037
487083922
-647273621
-493210124
125955591
-245870731
544256513
-780256635
100496171
-457543417
121635717
-317753326
-830403550
-865308442
-525731683
159293329
-959427124
787756956
-210150489
-116446572
-345286978
-72837435
-85353010
-338770264
978631916
448364297
441889538
-223567760
144647950
133520189
-402939287
-763672266
522401069
-967262900
-197267815
-173414400
-355116899
-673029692
-929029339
-384243904
502861009
-978072335
-921269805
-253186857
-435805156
-330431860
-839399429
-113328201
-110035649
-666201462
736608137
-834803297
50491626
264887353
906109309
584088786
165329202
-365685501
-831543644
351400294
259397300
398315773
-280422725
921233861
781150959
-900545661
8128827
758967499
-970513201
-66622836
260626662
-543317793
-861287148
514035171
-954380945
203128770
224819991
275837271
336429158
-43897215
829799072
358121584
-938989692
-796256175
-443208559
-821316260
357408993
614175043
-481782548
-476494015
-429389483
-419689093
-104824094
-955993348
403415078
-672165150
829582822
-332698927
122664561
448894605
-224912015
206055389
-258875546
-966374631
78337137
-710253282
-789436455
-205415090
627734842
-826427762
881934617
-423536901
-677833043
-265473828
-396594818
-272601313
976533865
534342623
-761893064
572067656
134387118
41302451
-830367899
159422635
-325400050
67629471
-848340767
-162601562
-661833184
906941153
531940768
263306375
292030782
826209306
22046321
695146726
727615849
440979533
397903225
-906482850
-718940994
-259565887
-722048059
-920939715
-181266285
-265606049
-138416768
248747263
-218645939
87480549
850808593
352407460
544010199
389062643
279739583
-871531076
109612147
958635743
684845332
88647130
67719690
209230238
-547407239
819289465
880401718
635607087
-654160812
455772182
-323704536
-53443245
-690910195
-546902962
520509653
785550935
-613121105
-540055531
709430428
532667642
-86929679
168420149
-302888277
-679432091
874384748
-249973540
-907214939
-864894369
-711564404
816159989
-550516210
-926269097
-880907352
188991172
-503171790
-507654405
-217623686
-131493092
-124040770
-462984793
-9567016
-164269764
260992186
952670397
939544485
644314371
797500264
-544830481
427690759
-85061033
33745303
300458371
-100824544
290407582
245920485
87871112
546710710
954998312
610120439
100307829
-33733730
274478136
-40735130
769405201
-650162410
-987423640
743088572
-848506988
-528783683
-474935868
642928290
-146651486
-11843916
-788564595
-776030104
-370626039
-733673045
-275164932
154761059
873728493
781468291
-677425477
400267453
108766482
456185026
-410950309
787305520
-566488546
-25643599
927782991
-915549139
704755567
-53770916
-96616740
-72459531
-35259978
722459588
792680004
743414141
124761791
492438940
-270545432
915539316
-667141909
505464639
116141089
-726000475
876259205
645672218
910629115
28606921
-198169602
-172779155
-563863536
-361950327
-473163261
216964067
825715519
-996474592
24602958
-445712982
10506440
30047761
970916785
209756683
206349542
163871275
897333164
249211076
-514360733
343182050
944736300
-285812813
583097252
765648233
-835059839
760003387
907244037
803798562
970784384
-566955984
255391851
440555608
-980624322
-336653695
413024675
-435772056
-110158531
727560651
-874844413
675846926
-893213197
-249013217
409441245
-622682994
620730362
-10900275
921678997
805878109
177875643
241231801
-342294215
-509250955
-633787374
831886328
282231768
27834643
379397717
-955177199
-811887854
-715115591
89374657
-188433949
-85790676
668524184
-924735645
-393387523
-952712440
717141582
-618720827
404722043
558876070
-388721749
-792559864
-689004965
-276103756
-862470561
-945758329
-200800280
936772854
-659726281
-501545117
-984425225
782645139
-319713130
-198796811
-229832256
-583790720
-412839158
210495058
-938172322
777605793
-567894770
113260312
-98275889
-763415433
-155973515
-742624726
349450880
-50114669
-954936311
371419495
369745193
977130202
-626532513
-728992782
-180174873
760069552
-156293891
794700331
-829233803
-265758635
967878004
123867631
388944219
-970800530
-822567152
15651127
-929976905
-90508370
-696844257
238554964
562622258
-260666083
756468476
-431864222
-219354984
588320244
65063767
203315340
776041411
-661294809
427932786
361635943
-925993895
-989767917
785161543
-784111268
-745609096
-177063753
-608877342
35971933
470332514
105165803
-36712582
-331115699
931321358
-665415986
67633977
390045776
874791555
-53520212
-988282192
109679468
-668148661
-512818137
681296442
871752383
92736152
-169205053
928209266
596020
-305455679
337872040
-820185266
19675577
966206496
226579413
-322134381
-264595433
516529239
-452639759
-253550140
609577659
59162284
230424439
142399310
-439339573
-363461284
866048654
-120894011
440521101
-71998570
688158115
754629565
-507176052
228459343
-111573818
-784647622
992499780
605902311
-917670354
177800972
-287571567
519411094
-275059391
679633375
214882268
-150860857
-787364502
618291028
-281054760
-949606363
-470158212
-883962691
122781170
320953205
931866729
671126620
796447027
-336813474
-406235199
-898365412
365682596
-516227404
12954349
-19401654
113688251
866738318
-512070807
-779186176
992531738
83796281
659510590
-157669739
-554365304
470487863
-960434799
464661573
971026397
-391039712
-834546997
213356298
-844050359
990847027
-757543364
878753244
-628167719
-499046287
894443574
-788253850
-585160897
-635992228
-544166285
848479289
-380584565
55247849
-731616523
443973602
-961870782
900869558
-641704308
95176454
-400858725
791583447
777372318
846832189
741295125
534779817
-268840365
-128160268
-414387794
-918677868
331381756
739203849
-334839234
-48490511
854193252
-181970223
432332840
-195090006
-517008536
874687442
-599270934
317663018
462352453
76032415
884138014
-36734689
106567582
147733337
-790520079
-707180056
-429878186
483562969
-130290753
-617230870
580325686
-398976508
-556603479
353720545
842953815
-452534918
-873673480
460678966
250819074
-127601852
847593185
625215737
860435385
-80608515
510230487
-397077087
909918293
814705990
-787327083
-683112834
179519165
733043936
-838693564
511686269
-310592866
-986758996
-68912422
-229907726
209498438
365535896
-845952147
-733746875
211470610
456343303
979185961
550246794
19076704
-25508438
458737828
-972273108
-22345891
520211963
89538079
-57694918
333888488
-321954211
-303820012
778373532
-567471723
-302317361
-784856644
-718676005
-200386715
-96209965
-431082101
233718960
-104296581
781549830
184905013
170597512
252689159
289346408
-727552428
-677861841
-562871756
110222480
-712859153
863825626
316644209
-117777129
843249613
