1000
-830764600
761823261
-823111611
603086821
-649142636
-606343573
-241799402
-181774137
697771312
-729527096
521588828
-447634614
410206769
-13080780
-960967822
-458085532
-134291712
476704137
-525197870
-306360459
-567330728
963446638
282463297
-724732918
389780335
-175858824
-330388925
-386509102
-231566777
-111688783
-802450879
-383341362
-697260959
-123243738
777631637
886708929
460653287
-313422974
600149239
-302597274
675922973
-600094373
-433587905
437200776
397870803
593468592
489074301
312835696
544748622
29077524
-732135300
180592540
601799483
-148819073
260529176
-480894692
880271872
-864540503
905469960
-171366341
667122116
-436260229
-814267763
-271132980
-372875189
-843042674
-961712094
-61705395
-331057924
142018189
-862871627
-166422831
746231099
-232017365
667162333
-214152342
-448097377
-535140506
752320619
117167484
-743656386
981350298
60246316
995503925
890712392
761351079
464182875
-414097531
-208376026
683421670
-879748382
-732623412
562818553
239156359
44009311
572757278
-587762152
301360057
-57883648
215666175
-624979603
26129281
111050190
261054210
783514374
-318689468
-631996559
-185177647
-745812437
-175279274
389641723
-373677065
-512648454
-916645676
493016544
378493238
996344404
-72330464
33636501
21204923
193101224
160273040
385033327
451261924
-369096125
947336826
702099547
-12406388
-708692937
-541981340
-862971444
-213323415
-115226889
16585997
215178597
-962665444
-110165734
553737610
-180441597
-563851034
768731232
437551640
-432769317
141271279
-747761221
-781568907
413098819
793600210
857942957
642363161
969686414
-163390121
925158917
373467797
225730423
748696784
680646320
-191933422
-359514299
-552255736
-81402937
461166584
509702971
667626929
495981973
-730244573
747212206
250324363
-644342032
-83635442
-21454490
245880163
-624152733
842467233
-475979442
788033960
620008589
-486607113
442453876
20600847
343330303
803108572
213977284
9799793
119061752
-179351691
418204358
-971426594
-83901252
-323558236
609324822
-58628192
-298966369
-477557254
-361793267
720635360
856156617
-895650804
169587943
-47639366
151820902
-306335746
-279817348
147320770
952573573
3600017
-976877900
-636817226
183093737
-166190116
-507428558
691972730
-50298871
798039255
-39257575
-206606546
-271167478
569538502
610073896
-75555809
953729049
722483992
-197584129
828493452
-468732906
-169634720
-165292610
7286468
-835269153
31121073
194369118
158938840
-227841927
-339751235
-341598990
321276703
-426453414
-661859687
-24217561
-930036352
832803525
859356415
-275255735
-781199534
470146182
130784664
-371609082
893040741
850131264
873197652
498537592
-363061926
794808257
520892559
-831623654
-210562745
-151032911
747957946
-750149050
-191096775
-19246875
-276905473
628128136
104173448
206437369
-389573428
-710122294
-920514275
924427751
565216808
-268188785
-484133052
-52326044
495310749
84364160
928773367
268482275
-280526035
-87354316
-721889057
-114188709
-236905064
-91644139
-283334875
-982176555
-331285857
-10527344
-709095271
-329964071
-937394194
-129523812
44996842
-640895548
32538891
483693923
726855458
-518893464
491530204
-684875177
-21692352
-387078628
537033351
219252884
-437717511
748226456
289004293
-10565645
-159517419
597328026
-329687390
324413663
440936335
-606344165
-187101444
-406651539
-646497246
-190009589
-842319294
-784413798
-877456732
934789714
425597074
489134458
516581866
400060760
-849176680
577544597
887475854
-729633680
-521200080
-948807799
-529932185
-845676072
228472234
-919775446
145033126
-714988519
18570055
-210513401
946290396
-456211673
-206210480
642319218
961504711
252722640
338936199
-841684637
-77320356
-577736297
-478314127
596843115
-995976029
569497088
83977314
539908361
-252414989
46332329
-527187338
555663627
629848993
460358838
-108830767
-210268821
90864883
49585824
-249078109
170919939
109572113
-689248344
455993820
-444165490
-598569472
-227923727
423862672
-112642436
246426375
-538966074
-201040531
971457265
480173622
802493209
998143377
-19303826
162487307
-448851111
-24553343
-866700099
-212059238
-474279357
33601446
483644828
-709247461
236888822
767865856
-276818494
42135800
977975729
-78943076
959060956
-387381011
582974732
609110109
-171377703
868814993
-138446658
109862157
-673354165
-503179580
748394639
509896369
695259950
-904439418
-36931163
-451002733
292300164
788950211
259477490
787219102
86744717
746262034
601624586
-883038447
57249957
903171547
-937969221
-418725257
284834535
14104483
185870264
471079108
-368301839
-874889487
141412960
217101171
859449692
150705813
-542066141
599641590
-216611443
-411641923
839079926
-641983400
-407727470
-120111652
354790593
-210759011
928115250
599601062
-671310755
-169926396
733168052
-919022246
448971771
-977074634
-10822921
-904291687
-456573975
-587367560
-995244764
743808121
-397582259
85115592
-818183345
-994051934
43662837
-27955650
393212645
390948808
942132108
-382225194
-462017323
-836111626
619116916
254985854
501741782
-622909261
-405082507
-956617930
630120354
-364336267
-59029352
-302514736
990869276
942193839
74279650
318403550
-64193463
107340779
99996151
955142901
-691411356
631007973
894804678
-905813914
547846871
-446593969
-3132554
-234590743
697532871
205980335
-56912746
-251657748
-83946384
560768161
413136288
594465342
-728372938
-251469302
282749151
-339653900
256660391
766374923
749435123
-833113974
786173391
-438822032
-148369486
-161596550
71348955
-388361742
-96411376
-136282083
715298748
942476374
284170464
-563123097
261336094
349568436
-537661623
-327839560
-738808303
112553503
-87210997
-638805759
-254319835
-775679042
-204103569
-385185983
851168527
-259665371
591025382
-198282769
726993330
-373054635
521052031
933916979
899973138
678321221
96776903
-924933922
480976163
-471565259
252032533
302703538
-38676908
391967869
-863717438
66985063
-976099760
770377234
-22600990
55604314
422839494
380916838
94158497
314665020
860116749
333689049
-917793003
302547462
-167938384
-777445515
-185705722
282301792
-674614215
-349177110
-427965446
-933382567
-779391472
-472064308
261598036
396026566
546447721
750548648
628964939
972831085
-473125200
-323923254
692909267
367227074
318781688
-797610841
130659650
461648416
-750279249
383761129
990160115
-644731407
253957681
-87457940
41757572
50364383
666783307
-161507414
500742882
636409334
397492186
237695525
785308274
-488995611
711909731
746367798
360757865
-807752596
-296053749
-547132574
-470503959
-159289095
-939321453
912447829
457546536
-787148970
-659544339
-848250087
-740083307
450689200
59318652
-802388672
70201550
-652465579
309818043
-621185974
286757652
180570530
173742170
-105449930
502322152
-166251013
-394538329
103187528
-625640192
332973613
-143645540
377991592
-830755875
172494312
609948122
392213363
484985862
800598096
-731271198
-133273224
537497333
-212874489
584782112
847606993
-39776486
988615430
843959883
336507284
-178078499
-113043934
938874973
-990427902
-72259426
627815947
525287256
-874144641
149113005
664100701
800844498
637739836
852883323
912618710
-48890229
548832674
930186770
433205692
-488676945
82892645
231116182
-18208123
-817488879
910997231
-361411134
972646978
283342567
-238014265
94510315
-631948726
568897029
-959679429
673970647
933601874
-666523584
877449595
-529992874
-896804958
-754615415
467258771
-905283906
-649002507
-603122585
571214208
-662725198
-304607174
449692282
952575353
-607057567
143510096
-54685604
604512056
23680783
216726933
-99671174
549017873
499467396
-268536932
-270130486
-657193837
821126758
-258605041
675905611
-141612676
956704095
-913496358
-775008670
-442106048
-355972508
-684793893
674404658
-247355879
71505239
18941242
563198385
-541451993
32223107
-566608772
124031558
-428499078
-697109019
-169268563
-388774764
-752134219
-73729231
-690709362
10862409
-260314371
782567406
271946070
-734278270
-354535699
-293981154
832191660
-311678175
-557254858
-209389018
438668982
914029220
497721072
395784674
-770228818
674457979
-678663648
-785852885
573990566
-128587231
-558366769
624332007
156591394
579500700
619120027
683286082
46130122
-793447239
643005732
982901542
198546346
-658129529
-651821650
681121168
737954213
778555190
-227390652
-474613973
-624742997
-80614459
-130314413
92917018
-47208139
331879817
-119112231
-346277186
-403875473
-805992884
-93556365
-446687687
492359827
165932354
604583601
602145083
898967378
-664636632
716985303
167729394
177269864
779884068
-371658122
-994549818
-516841664
340878758
963586661
-44454629
-110026491
583443795
-784263620
-373075186
-939480823
620020936
328180371
224349130
400304126
890391897
-981562653
-930423059
-923855032
-443884608
-64705704
544599700
-413676783
-785265910
901648416
-107534021
-334209625
359354095
146923418
-166219950
535021997
902929925
109864332
-462687286
-279694880
-542139297
167054185
-854255679
764135958
-160237379
99345379
-972556514
-350807756
-267356165
24071411
766910909
-966151474
434108388
364634202
639304619
299282277
-531052991
255194874
-543279633
-856308300
61343556
-364611286
904889232
-223062685
-457662501
380661841
190219910
-912326553
-968935041
885083652
297554659
-444967925
361451259
-525513456
492043976
-183560249
599634772
44315688
547577926
-660353033
810600426
591204305
765873822
23659445
708705733
-70958125
-472166348
-418355018
-172488876
-997025543
397474653
572047855
329063459
-520712718
661170654
191975229
934905925
-820778084
-138694721
-256213351
318099490
-327452480
781742688
888542542
-661336779
-523443564
-519000777
-432716376
-840869007
726212710
943010601
-869774091
-764641004
-248094532
225136795
-625164068
341866755
500658542
296463508
798494667
-338081509
-591522039
205686032
388500680
-161276378
928700729
-881325935
149214165
-25207777
739098344
974281993
655267097
290785712
333553127
-504841717
-571448193
454023793
-649791778
-823328130
-8903187
-915213018
680618453
483914064
79076597
980336317
-426213047
154624690
-362046400
-249499252
-698766740
-95718624
334309408
938440803
566924485
-627663088
469456700
-532472694
-866435257
856691698
937681847
-478988548
-887413180
835227972
257216339
537962419
345146985
-618879570
-991463730
-352708112
361131478
-220982099
996297896
274111654
810214908
261660090
-448170154
599338708
597337783
-91546100
-549331814
-322974224
-749345832
-838390126
-473833580
498683252
-37091996
59763770
-533368236
125582097
126057865
-633833134
-397596183
-515478113
-70356963
-739066413
-279395070
685742763
-517613403
