1000
-319773242
303164073
188623137
880917519
102083823
-875849071
-77762872
-771721455
269015750
-931848152
389779580
528143816
423662632
760414799
336518752
957791860
258782451
-744711855
987246347
-579902340
701946943
-592957973
-175403189
-682262626
-833501625
298020937
-772812835
-469859218
-516277291
-691586196
-170342065
104432362
-635347037
537376851
-766565848
827688025
572685616
50702445
606086646
-319915807
-415398668
686690229
-228394329
477453766
870170252
-661022064
-269561915
-858046630
-441242292
-276305807
427554695
453149939
294499594
848326893
984803937
-389296351
-396251599
750697047
635041106
20364475
-784813061
223088331
165623037
927845281
-975997398
374686129
358501349
-577108014
-622613605
646651157
-862322453
98835291
-531915989
-937714544
-215249514
126277228
278476541
-950242165
-224508425
-453494777
552845370
-916458316
989195515
791537807
-386653943
324276108
-8430686
615115042
-426971110
-428982574
-941978372
213513412
613813649
-499053447
-333351448
462770558
896728440
-696912672
241696036
64812001
-211059137
-809139445
-612687995
-34937405
902946272
-12570664
109508692
935341807
818998091
237772340
-934473221
510794530
-648764224
512239336
-653201982
-386120435
-75544701
195888621
-520170252
-670108705
-42782785
-158206302
-587214402
806913878
950341085
-757767056
608958693
-52755872
691165259
958920745
152852863
-350053161
-851081905
451040571
175325105
207632847
-117239567
539222107
-479748763
-773056388
660743450
-468283657
-459318837
-231089498
-671345789
396557418
-542347931
-399817379
458630737
-653772221
-505108481
150677603
-200104092
557495464
390588854
51843472
-871073775
-854370772
-563706351
992196777
-240405801
-347224478
-883223072
-922909962
-47302329
-100696738
705408545
807611555
582911092
-609092797
-401639036
-684307108
261420657
-785979879
-106795633
-269705891
-24300334
-281853495
-650302913
-748005131
-367915076
92982497
-431031452
762657090
876146846
214639591
-564451610
755722189
284505456
-71465512
780290144
510222214
401978895
-134336488
-88312917
697981494
-945179183
-560030639
-61737820
727600815
117644607
232464247
-276078495
-353259099
-219383659
793458096
-861765843
275726187
-973823754
-569657282
405480132
433115474
535794505
464771535
736167492
67170750
734032911
-568651045
-738573930
106846608
733478300
503293667
-612145330
264466171
-612532830
886164096
342778219
955847320
-260897814
-453629980
469905125
497160141
669776871
-274923023
874338455
-744985221
977005575
974829887
-218143476
254128226
763781467
-155089728
998190805
-128735688
-775612519
-747648784
570555577
-350854423
165064600
832642817
-935149285
403488289
-156353472
177926209
-532024820
-722166354
-361972013
148417421
513458227
-215225733
844474428
-903395725
-551971924
381391130
-694520266
696616570
47073949
686043783
685602225
348539832
791853840
359992665
-535932321
-624850602
-156920085
324269363
58921114
691551610
-2567782
728779613
-644204035
-79454529
836744710
546560139
368277301
-564585321
934585709
-224546471
-6486492
423718088
-628274352
-631396368
-121953135
-778034236
-933408124
-752136995
806132521
-766272501
-831749116
313787512
-103024586
108417952
638509595
-116671409
-584400460
903864651
35880424
-54544746
212996749
-99987812
-788394223
-261295692
-885381122
633944776
-146715525
-402653370
418769286
532861253
-335319313
-77685264
249626579
-451277880
-272889089
-537562722
-221193653
-881101030
584619922
932603975
61770184
-681502417
912344906
-943470815
-12924822
311375458
-840912027
-946732485
-849113204
-572985174
188125860
714514898
-646717871
140628298
-371030269
-639278984
-922464837
507315377
389677453
-195241315
364385311
528109208
387244901
-378336244
798836267
-932570730
-664025410
-24553607
163991731
-29249172
7049210
232443100
-765129058
-792078808
311534123
-742653087
-279986179
-881835034
274432747
-594548424
405728175
-117950074
-416604168
-193240681
-936840130
992360977
233087375
581703755
9027197
-624889521
-605117362
9757543
-596773938
256886223
297629823
461406323
828412418
-9375337
250956834
88263963
998974847
46158017
-234283747
-693767805
608345011
460636095
-940810444
-57970495
-915070801
-896222674
389438740
-838823229
192366182
341415088
-409391815
984647941
986287619
619218632
-325069517
-421297682
-401617098
-943737764
-747663075
-50208626
899355912
108453554
222555345
-82567483
420789334
312926373
-109727138
-854944544
993460746
-907450606
22157907
26026334
-991702746
30568948
692824982
422949995
-759409982
-677289876
-634561490
198302946
712229810
94779864
-230840492
328695082
-521159143
-918099557
874947348
-560212600
-503784747
212677914
-616495286
-515365423
-974773080
18279720
961782141
-382271240
629763836
472904336
-180365978
-30541823
-448304591
235065393
-60637536
-863791518
341099701
-465571026
882954162
567732794
-488786983
-772940575
143429500
-183693021
-176177705
-530333989
571597213
-182576184
617517809
-86581496
170340340
-640642793
-64628220
-19829326
-576049774
836739910
442522868
-508841757
-890670878
-261543321
827176462
597528992
448139599
255771757
-710005995
387074585
653181679
-744898509
128609807
-676490159
323861076
122212278
-812294224
-605952192
-95830760
-83574080
-901237218
-33342768
92250149
455085444
-103648320
-476632910
-516698268
7503321
-493813769
621588547
465104441
-947046577
61667538
128193237
113145587
15697104
556891267
485060798
802482933
222020707
247915034
-863463290
846956590
-682674675
182727710
294891169
880425123
842767510
75537144
216564945
350626419
695662776
322640060
-701431419
867024194
-287111132
-825088105
611883435
486314047
141133695
-119199351
594212541
655917012
79832555
-878393257
230018696
-472625656
313642436
-590599472
-397623870
289824134
437159575
210167133
-600947451
-381543146
93021775
703269758
531230507
-401522185
-619184443
-218904322
609830995
937415788
-46869928
-213525886
-922399671
-279388932
315861232
-906508064
21525016
187971730
-370369056
-337754086
-781384147
581755953
620474036
110053934
-604614906
-842247521
254203157
-291786351
960451953
-607915596
370119643
132415297
-167128700
-109398872
290545755
-976469013
520721395
485037247
628377298
-412697681
599331678
423520550
-303441181
-444228413
110206036
218267033
-582295308
-432622517
476320132
-450517321
609291127
611962417
-151733418
-147573150
718792193
-710563636
-81716815
704694882
-952430858
-510024392
478606455
894554147
-439159264
639004612
678911670
-334202557
-444683969
-693446858
836705708
-805857680
-761904756
342097651
-956945312
-785504619
-920012094
-532498310
-590859683
437235473
-861941478
635879014
-819927285
952577554
29882926
-686062939
809690073
-717082585
603399358
-265685612
404627399
-147051799
546995221
849055621
-63470328
-258355211
677715995
310615618
-199454635
-367470173
-19903609
731175090
-913463093
703682063
174619325
362684108
-86273522
-791645563
-759177618
-749932511
-870064036
-234989370
-222553667
590794394
312829821
235824578
-546074273
-195758540
-147614185
-324294119
926180288
711919168
-703142455
-593198561
904374638
425097546
-477654313
41862179
-716754024
-49834036
-627955106
-625129676
-743918178
-412999336
-354454676
961419705
894886698
-583419475
626051257
-264513096
603442800
-179406900
135396291
-594360034
646659429
581030336
790380634
921681373
-271720453
331031266
-64299491
695479965
-343919349
-952246177
-872735583
-470853756
-872104422
-173527669
-834859367
882695434
964840503
383262047
911798246
58950886
-465125348
608257811
759508
-531701298
298854085
-86808892
155425014
-649837087
368913977
-746802108
660998727
-428280911
-362339052
-588609953
-401193332
-335623487
-135421531
133759354
230517753
-905554174
741801165
9276350
609207151
70794498
-111147762
-346615660
224410301
-144540144
925907655
124377204
67139329
710083990
-22768133
508316932
-580783294
317013670
716592684
-141389344
411904725
-516955243
-492628198
4064585
-876604266
488920419
-319198378
400328699
443231323
-362257161
747392812
770414778
-897081379
-11575763
-292835582
249296978
587584731
402401616
-615287735
868182638
409938365
-357184947
-824173917
583660201
-4825098
-995342205
729166321
-584236426
-973541862
-886647522
365093797
-329577341
724339818
401290647
559856427
-701351314
-980451459
-308947513
-920096073
-546315796
470613927
-443202174
-172240571
596444174
-995011874
194312734
-681724767
793611930
506257390
459192366
162575042
726488902
148864731
-20966448
726823458
-768739579
245644352
893062961
620140864
300242322
649432350
72069065
-963713962
730420514
526620421
-795272804
-379661508
663660353
-604372358
263915056
-889173150
99141758
-419735727
177703046
-742508910
473664037
183993269
505897548
-372123339
-596951186
439520420
471684547
345994788
978679596
-676637929
4115455
69536540
-464051072
-548900980
997557700
-538636552
-115115848
-820595248
424161101
575130933
-929158291
-371458959
-440870999
566449328
-568797937
-25180291
-624171720
676450427
861999644
580303837
382938034
-866385479
-38549893
-674057310
85428181
-423882045
753110806
-152394687
-31543337
392632729
963578691
852074442
-999038003
-726735784
-898650779
36816450
170466965
483606653
-44168614
706663846
457671461
480742586
977735178
-928802155
-705329725
109409449
363501625
-235999581
-333177510
942521834
-401567271
-742934589
-718504336
-298159492
44022962
299142692
-132615285
-852159792
639559940
888322863
-523121740
899051771
-360318941
-979825322
127885690
890705934
-214281879
985025727
994832743
-440490752
-168097646
-151020048
406321187
629534688
295433462
-40986446
-190137073
838248221
-452575345
-186925723
-393144757
229760797
-800853445
-525477021
-417354270
-486110057
788547236
-343532228
12133781
482279187
994727042
865115834
715102567
918841224
-441509932
-6814999
935149867
342724980
-189357685
-247433840
875434608
-417606314
96233740
450029497
410341863
352138276
-755940659
461955831
991513506
938472267
-725721842
176800523
412110695
385540475
-645287866
450616552
-405066895
195838179
-817146634
-768419840
-525727096
793217589
119449178
81993736
693019325
-763521095
785390772
-403838956
-973142603
176446392
496751643
-648615284
724635276
54488136
-18639643
-121316339
598128676
314580570
-854137977
299225780
-33231202
-204156878
-597480965
732592795
501245346
317494740
398963893
-564304279
-318849615
695538213
-43092648
799632157
164001090
-554415031
-315382793
-998628367
908972001
220009439
-620952511
581295189
-219368924
373584495
-638562957
718508150
-136512507
-532537919
