1000
943669671
189149713
534001267
-220715505
-48960742
-561239550
-562729397
-407649558
522562870
822601037
-82309494
462401210
-157106147
861402622
-38920280
587504873
667572126
-590398942
574835423
807064511
615560555
583945913
-681535893
888834941
-607091269
762121200
-278901380
-133643931
237389835
718660912
309010590
666971494
593075776
543431228
-534542498
-25376441
471263927
-250451394
-952822630
-25541266
869325088
348337923
-782987655
857812819
-230605074
-652198410
-982470727
530004447
-19853897
-754083910
-889943384
-180573295
-269738980
-594250328
849147735
-129401252
-774080352
-187434417
978382226
764940483
808665103
-699264192
65272650
-965058353
-269461199
24632622
433365396
-51905932
143076362
-209641216
-198032187
585081891
-393149347
34824878
432648610
49379720
912219724
-604060996
911484479
863658792
-753454180
712579227
728205888
-115517764
-586154932
225425295
-719593704
406523892
309210622
557227575
-831592824
-111248083
-543023508
-405938586
-992900415
-795472189
664528199
-969535556
-466273955
-619449760
-809788130
806947493
102879865
852932818
-41579944
-843860140
285865517
125118533
-791812313
48747094
-899022415
88958475
681460574
-993122842
-697307273
-648184718
-486214192
-105253565
-782132465
944685135
-653436624
-505955577
-69973869
-458020744
-272269393
446061272
-801806814
-883023248
-279966370
897739339
-305858517
-729135886
287408113
610218141
796228962
-203442785
-564832369
148062890
832941039
-241540531
614601825
-854311431
-922555250
-341397095
-94451956
-470366045
-539854052
-24690301
464268988
751534226
87707934
665160273
-140538896
-126947594
500724617
827743393
65920603
-314677666
6254614
425126458
-860495637
-659171516
-334037900
535167801
102769021
-987277797
482402549
667909315
-522916386
642425827
705090085
876085799
457387508
395228388
26110844
-979519361
-642941609
-345235888
525700692
-928902133
365010182
943334255
938893910
-820911564
529017343
909595105
-891795615
-344620126
-421270359
861235851
562572832
-248487382
-847934650
-318883147
953795866
-789991142
-926839269
889525390
-614754982
263429928
-816072421
771516943
-639402402
440715865
999888818
-254987209
223973412
591771405
937135780
-890488139
634480483
430157281
-673862348
-422288467
-89329200
-389575805
238640272
-547592856
-210555005
-435337341
-408247099
-838491170
-677247003
66989091
285798309
-113115812
-55505432
-682081781
-550057980
-995282983
-753223102
472852789
-88346062
778323488
-716394234
-739189179
-299368424
-270275654
521754837
-575123580
-629978324
366253168
-757464267
-598184333
873537861
-398239311
446911218
807431058
-722019762
-913723679
-123952784
-138472694
-564311780
288835370
-653358756
-792089847
787240301
276358672
-870635822
465802534
-764203186
327409588
806181685
310064531
527507031
324679289
480918226
981803946
-350625606
862221801
86403938
-183532489
-678261822
-311618723
947668153
84083078
-342224701
113863263
-951221830
-17773777
769979878
-958727903
249956471
207301992
111902806
801890758
-235418999
-166101577
-345838608
241384968
570122159
-929032753
-688194663
-380329806
-594064937
-397406186
867068600
-735483049
980111662
-256277785
800170266
719100217
-736253074
484224627
497839704
-200904191
-513953300
-556026903
-794408858
673669752
-169803386
-682320069
969289631
165400877
719147422
311148111
331135409
-513703339
-389664621
103386650
229491001
780812546
-148318021
-381414836
-687667023
686457578
859884178
254273525
-951123614
74612786
-246113950
-577774702
520783484
390286208
4007733
131630865
-839486883
-187996011
-194609051
-742795228
-663932285
-447752501
517700342
226352849
580381903
373967955
-225236011
-445333807
953593444
161261527
-494478207
-990817722
20148323
900763246
821927352
947966970
294775384
266585186
-698258092
549266969
-888043391
-350467052
975995565
-615741017
173563873
-741041298
290495543
-314507120
-265777454
-134938906
715656472
908829993
-918197114
-664367746
833699940
15199836
547229157
293904984
547119584
257465501
-624692741
235983274
848703849
325527246
-487000270
637607393
308871302
31205463
903711942
423619550
-876310975
651361892
-119573369
203248635
634797038
292869762
-176498711
-378107926
800169266
623871233
-368416181
958787007
839966261
-634329699
-612448317
452669474
575896229
873969934
576834199
-892126921
-827300273
877792743
332365653
-75438198
-487684255
-991041336
169936495
-1843008
-234495040
616992891
-172098601
731548752
68382025
872773608
-779758897
-653425811
-227365676
991998883
-86811546
-647841441
205619715
857052413
537095249
-601767010
-806295164
543583392
323575156
706597107
534842495
305035976
439079757
-156486029
301194598
611107629
85731480
343859874
-38801558
103073102
-13560230
820290443
-234746001
-177593213
75058043
-767273125
-584725515
-763194579
911172915
-698719533
-790622642
-321436627
-962087002
-855504960
106229645
-129837737
-239727350
771506714
-394091105
-435883297
809689817
-27686939
700910402
-700706963
94872553
-456276377
620674472
867265050
-675044346
422249781
499544693
837250690
-152491822
-664101197
143966575
-731065186
-101003617
-982231065
-692403159
-884118947
161878050
388729529
644915491
106160896
907475718
-67229765
95406137
617576780
240525126
-674820366
959476910
588923401
-52885701
533095981
965697167
-955114047
397234372
-430046765
449694381
-643142125
-703114369
-545317119
499966571
-666973324
188015362
406959426
317778627
-63717855
-518088178
-461248721
431274601
-905826147
-700098059
138733565
-710209977
550088422
283670380
611933570
-600382069
859734595
657643145
-924941488
-802008545
370914742
-805728020
-52720526
440606150
-564015087
240203886
-284669564
829479725
-884936459
-448194969
65411701
419731813
-756457314
-350067051
498893150
-849428809
472494877
-216854627
706980536
656565331
563552759
-426485825
149209300
336266242
-738836874
-546163123
-221229234
768785827
517555184
340834908
318456169
544238408
-912678905
864067540
-996117
-310938543
-148849488
-902022978
-995217389
-979386896
724429541
654576421
953301604
467856146
13300302
90548746
-193876347
494597589
749646206
-371708652
574855049
584661435
-483210716
-822411354
324006901
-576166843
-356309516
-97475693
33241105
-147251410
220966595
754860450
-983165906
-34067446
-104064313
558223273
937500062
-343975754
-362896428
-386997436
-893560421
-749412074
-135846029
-836170477
-110237953
309433202
713686734
843436340
540437833
959822145
852723016
-359325184
979957390
-636999054
916313131
711342815
-45009599
20855124
-870387375
-843823664
56537355
-624716754
-495434494
415906296
-673345285
56833245
374477974
-744437057
947289950
497868335
-30390523
302204184
167913451
724539089
100046777
-957630163
328987881
-453059369
-18288959
-985368201
326083707
257700640
-846170766
-999149356
272617384
-632764810
466084467
-919563661
248024235
-888283033
-614109719
-523233580
-449514128
-337809503
237738060
-131814615
710176731
-179614709
485776085
-246555169
925795571
-9858257
685448842
66240891
624222137
-533325925
546688352
-80616820
-145421100
31349964
877277265
451192574
166838130
987177461
-416879408
-835598570
-393203900
-689682053
-611328973
-99042216
-757583425
-345603239
88295676
-854806762
34798730
81474707
-344745049
-235678812
-513864384
-697906888
74006638
-258838673
546210703
125301740
-949277829
355297096
-141903954
-350872865
763000792
332347590
-291853988
424950597
704670858
824176951
973489471
157086979
-152368
606626794
-279975827
520126267
-627429375
-918189882
200287824
-390011443
-989891469
-838070724
-17361423
116108528
-465025272
-474515111
-104624444
-466201705
-109660707
334672144
548087263
-551634179
-209671535
495163355
853517903
-909109991
289161821
740747127
-424269427
362519645
44628953
-560192774
201703084
-642567810
634551142
-945726530
651692657
376717806
-787186737
-590963127
-813583333
647915642
-494231391
-645811331
365051080
-859751
-174316410
879880261
-911368916
-816397444
-495616371
-409878205
397446502
703161953
272171903
-992541119
-856286762
-977180933
593829978
155033433
-980301802
766524991
-243145514
-951891837
-905863720
-997625930
-851409867
999491549
886126230
272352253
515439190
187140392
650219506
571819385
771235924
-261966240
-928294988
-727170710
628109446
84404889
802776851
-512720418
-527464149
490976590
181044251
-187141628
-225990054
-379422308
112968132
-369046512
-389816338
-517336212
984468389
-981181211
456809918
225845015
555846749
-116602319
-538150400
881483732
-493960103
665601890
-140270879
505629894
562514922
-814450932
369523152
458385833
-29916963
3952790
-551696014
-940866895
463354062
-820373422
111494337
872369423
-110682889
-48721778
-538321195
732391918
-987303941
982068445
747408614
830949046
-129131089
133721174
798789766
2951255
-639644562
-477842193
332678964
733414734
-135602762
473430928
-453075925
-804711109
-94233105
-794794826
-544155934
-674200342
760810443
677834993
993931658
-274606124
337553411
361920397
-632105277
587458570
-37403415
275417560
-139851120
-643991356
-740635768
-605469502
763147035
-28576009
607335995
137228220
-896082513
-121144433
-96306896
-37618245
-382158236
764648326
-3548216
835147411
-185507286
-546579747
769541300
232923447
-905862486
-468952506
231447605
-51776181
-858200765
104437473
145184602
-816448266
56589049
-819422000
94014240
582192785
212268494
-957696992
217156555
937113009
-98037207
676336935
-992043167
136896159
670946289
-289907916
-411644211
86378381
-683562795
165619319
913332570
784067229
687506138
551570405
565737660
455278083
776365070
-341523393
787609499
-982282889
-942896688
-507475490
-292433564
-440336632
263253011
-998871566
-27936370
749016429
759013378
848662081
279963800
739162710
-246547284
504359655
-311180625
251724842
29280104
-655621833
-607601878
444071967
-781142345
363326782
124162890
255693159
959532688
781641355
-177967706
-353983017
38718869
-924264277
-635128229
-718292302
890287618
386556824
-871990913
-704350882
-299955109
892899882
-259907143
-210824960
129379710
-8409722
578634971
-955780442
479142358
989253442
32177412
-726270661
-285430853
-932497878
793684151
-986610430
317894035
895960038
394484596
899451158
487540607
-811796852
-832070663
-840161512
-300311287
-188158431
-72222410
3779455
-812755501
-829846193
-841244635
-917662015
169160448
503909064
-106610371
105482303
-87447396
357222058
600890441
-184790460
-958146718
-268411024
53179521
-922295409
-723841475
-959651107
-709118435
921058388
-645622307
236643238
551436103
-735443731
-264935796
