1000
956229606
884603830
362239659
-648361654
567250429
-855029077
-426797272
-240753572
713223756
-107184342
891551731
262400333
577053562
-267658661
161274504
-453930873
-558692177
-262756141
310565438
735433390
621304472
454007040
570146612
749823765
-392380456
-961206527
120188977
915797092
-179184784
-210734873
-771465562
-50057322
211897326
78076282
-952379450
41544800
-617928322
-425053433
652870594
142735921
291985021
990489958
391354
-267259714
-833150730
-537667926
-512903354
370495179
-853355647
-249363814
-603457892
762117691
-743220136
822821204
398846774
701776908
-885201293
-27438831
-817505071
-54893510
271505639
-540636579
-656355647
986293332
287876367
-252913633
429671202
129462859
151607348
832166373
-107077875
-355981513
-960628355
-182000086
-40983925
-502210743
544162331
-145426494
-26758747
-544318005
382023273
379974465
596785307
-658729800
575858350
934890244
-674340124
560298259
-474903936
38826443
697516471
-19812199
-30941460
-967296390
192780635
-440742387
377598512
588718526
-750701343
-329694819
957356429
-16757625
-584080264
408874758
933581704
736625872
649677098
-89141962
-844833807
-955596851
359489601
191573522
16296782
426813757
522292369
-405739398
687284353
-281791764
481815351
-156828446
-350275327
710568378
-458379719
25915151
-337746180
-251900308
206085995
-22012146
-666968262
-394129303
688906398
539883992
-903909147
-452761016
765755659
544861157
704774846
-219999767
384777625
-246479845
-228942078
-70932974
519574972
-897857200
579735266
-79489513
621668879
765264462
-209964865
299803801
-34057770
803634008
965703590
-159665139
-232551294
127339410
-540269854
975846503
-98255780
-238835888
-478031009
460397596
-776023144
-125277132
336454333
434730627
-484101730
-940468865
-943439034
668596646
-317533926
938705685
-162765944
471395543
525812559
-583330269
-561553535
-610976541
-388293493
584125003
515795340
514374135
220099248
-449654038
-218854332
-590462017
458946123
-143863497
963576688
991762961
-826364074
-3445742
-344322682
373806186
840250744
101962165
116959054
988306722
-249499575
-932949246
908075101
309888367
-844301909
695974341
653121473
-825354600
-700931678
963371146
-184941342
-317057364
997770215
-722550372
-845135050
-337585082
682040114
714135028
504392633
-5465910
-735268404
516284699
197745252
-872194831
-161259053
828882793
-563881661
406861628
-357566059
870554480
448429417
264007889
820323353
-513346164
-64764387
901308754
53154026
731570421
5033473
-326711855
-538344306
-757462591
134953644
41623603
-33908515
950201874
718235514
-302152112
561702853
-445612314
17793231
-324586605
986873195
-276775561
-444531223
351157813
221425439
-690854237
462372951
681172567
343681057
471263273
272114368
-185199402
-644059811
-453551867
-376949515
-615648872
32287016
735784225
-172121012
281043117
-448558208
-442216245
800058684
-372796409
447801907
746155643
-470629692
-912735687
744469888
-95996754
290673444
64881221
920134484
334986588
-149144733
-239461564
960569103
550053247
443128320
-661126666
747277564
482715634
-182329748
-996220762
411302838
-798538995
150065255
274594538
-991140970
395007914
902883433
-378479141
234586367
-576304197
-528413213
-105617270
-255563112
579835269
-135930146
-702364396
-271858556
198167084
-502993819
192292642
704765953
642484524
995270722
309807249
874900104
-181475177
-713197640
492929237
-458528360
-610480469
681993816
-880996246
775173606
-665650118
-330717118
953071044
-533419207
94779074
-125563877
909766491
315497202
457147696
750320058
-574259237
-297229861
-39924570
627053075
-880462108
107809191
-312767579
928465877
2800520
-700974243
-538966647
-669278745
-134692277
748728342
-529941371
-398088023
-980663103
-501048274
-261693265
682952098
-613664178
-673972414
-483945711
-464379406
-382140761
920807186
875542527
273484358
125645793
-45912433
-769603102
-919196969
488202555
145496084
-34416833
719655978
-599174515
352891152
-380589630
-933499714
-624851666
337593102
358444714
-18214206
-879993306
-159487095
-265698872
32094481
956439051
889091001
-566808110
-954844556
-650393216
-662805317
-445525407
853561732
881717745
-7582258
540658889
725415333
-731623220
-913785087
-41535354
885428281
305463384
410821722
-221843479
688651546
-762292765
-2657644
773240166
-331037658
-583558921
252305490
757826009
-248751128
456872852
-533238388
126530587
-446345488
156519338
959191588
-569179978
575550508
-344759234
-609108281
356860861
-893482495
-749338067
-562406669
-873913042
-57941599
279825024
-294526863
-289327970
-280118687
-622292561
66273863
-818617753
632308308
612713443
653074333
148794782
-953831770
-998836450
301567282
616891729
-766929169
95247255
183644835
508062499
900004029
178390138
475102567
-33229251
-622297445
-853744389
-352661146
283077061
405966046
469538940
771305050
103032576
816716756
-249368312
-55640218
-832131046
-907228699
475345016
-797536991
-865624870
-245542210
-717126270
-102488834
904410083
71925968
-541195627
515069502
158251673
111991304
-321466275
710702725
523642705
-529572253
-285510075
-727123048
516830227
301297021
497203552
234868359
673807657
798351031
983697746
-805295263
-802343611
305296085
-991388501
859131319
-552212195
269194895
-923741650
-271195632
-577748877
922320556
979499357
533272297
-750341630
149163886
-358290674
-947276164
-939946103
-301393734
-534517546
233787454
86883785
164771509
-401210679
458534755
-28902184
-551124612
-912059325
743032335
154332305
188313242
-798437082
-306473297
348143247
89278269
-660288152
534927549
150972743
755621499
682738445
58376336
728721697
-338027220
-62977171
959616912
987684499
-347098283
557646602
-401263232
-585700564
-857613982
-132844528
90393295
158747465
-445068939
-211195674
13151824
763088599
-724410013
524843764
826952
864395796
-14210279
916423157
902890947
-538547268
280827152
619732611
-78480195
-214181127
184543004
-512059165
725249813
265864986
-853459923
18896934
722870732
256714913
510296572
-371434458
879329448
298581801
-17923215
434109627
-245771132
-502228296
-803825241
352068643
96631113
922214488
442863675
931690547
-733015496
-285210331
884578128
-16228916
-684804424
-346593949
432634800
923009142
-31774245
-952078317
-863763784
565439526
870956991
165892267
-300246693
36410224
-861042153
-95394494
598823318
796796000
322040766
930945470
859373761
531195252
695720876
643774565
816617893
622672756
655109280
975124690
-84091311
565986808
-708999759
638192730
824320956
-491017139
467360519
-851107131
-340410570
353369289
-812201479
97220751
-749130084
432211774
733440874
-288248980
-294059513
-961620153
-777730141
-408804233
229021014
-755801061
-639069822
426334798
133306433
871293286
349719999
994711747
539164303
454912466
-422106396
-859108965
-13837197
-599656795
-614812539
-550913002
180196813
961352879
714833330
501419139
335143443
-224731639
-531487337
-438534999
-335906530
-753002653
140452817
-662873056
745589488
-213472049
579543298
528429306
-895561730
-164900250
416357111
-301497219
387591381
-224115009
-572200550
579541182
-600370696
470421951
-343837047
-455640450
-5630542
142045782
455336878
502769079
848300431
552393336
819727492
168080106
-801868099
372245989
124217515
874488195
921414986
504593704
-201332822
-108019114
454913686
727213582
-989263327
859179251
502219795
-687005494
277093589
657942702
-579250003
961355287
-844275645
523643059
-460556550
362139791
-103092841
-486086423
-479157408
869807968
654765954
58838355
579389003
242676273
-827279748
-454715563
-954269008
-422910768
-702966124
237023368
549763971
-459617819
-8673906
809369517
-722999309
-321047761
769193671
928742331
794621098
517719544
93658096
715150455
799869159
-712849340
621395936
1204551
199757179
-762085601
-499815288
-671510402
-729020412
966920694
188870158
-360888321
-190638491
369916896
499862285
585353975
427871344
-517791144
-238342081
59950088
829724995
850674829
-449110346
437704876
-434864165
814830339
-378645232
-126070810
568536426
-463379285
582313316
13320973
-426572487
858095965
-509680432
-250424972
289414583
383148837
552724796
310536466
-661891092
-136657459
-549498485
523198200
509923477
-66932766
-800664838
-808612514
-518747932
-919942607
-661011227
419705323
470465154
-484800762
-898049183
-492580379
-419277159
-509934451
837344559
-350151616
335085582
-465679257
-505107090
904011531
-754889395
201202760
-889745586
77550938
-282777293
648330805
-479195959
-405661696
938491302
-420588740
827992186
115328408
-893550682
283450272
-96156305
324326474
-825189021
-742069750
-664833711
-315993837
-68275877
-733010516
-995893963
-869017360
199909248
-24576638
930123607
-252682698
321211589
536897629
413501672
233874124
-902310380
-847760579
-136876894
989746250
-400791726
333344300
809697041
802790959
-711248843
-2864032
-745890778
664577482
-273295614
-301541448
352233003
-17428005
921600117
-704716930
814413772
185966322
288230852
332977427
-666399307
551724590
939476
256452175
401393114
-177569025
574597653
-149703621
-556100253
-406382174
33162064
104589811
-329720957
-338171272
-245853060
-641373013
-58329883
-510343123
-407559882
651104212
-278214938
-410593757
293117209
471258616
-624171445
642850046
-499684854
514775739
-746002649
-57392882
-539159977
365450245
379963120
18679718
366713231
-36095963
-362054759
924537392
837487274
-135166025
248734248
-143657355
-656394417
-572651054
970337450
-24901901
-981669677
-342700258
366790086
-918102097
726092584
426777224
695190859
-341472119
-410985442
753968464
222909315
926637095
195186852
-584784087
-373290370
-985626596
926277125
161844589
510340835
859014794
-353432229
308545987
-3725988
598059440
108140496
-906706000
210014104
383219441
-717358087
-516298760
577750930
-770521575
-763778063
823707982
-239575659
-134270965
445736448
-492469494
646204901
-840078262
958827035
390243715
-515071407
-591824711
-2058882
784604613
-734511280
-489380166
-381825341
-308088131
702848029
-962845053
-45560636
73184536
148663482
659002464
-216161445
465120998
466559312
-313709519
154426349
-533771470
-545072130
-802722237
-577024028
801281069
49773801
-530213590
988662352
-250459925
373625784
619882322
-559361656
965792696
193315107
894353762
-550684258
579974788
789280866
-478033388
-205101771
-622652448
-647906369
-992823098
300246375
224803473
-803516550
-740727770
758911674
360316192
268932014
14197742
240442805
236796463
461469808
-971401221
-885808499
-263322271
-876323021
811457122
-312835529
-777470195
-728738099
-947195289
