1000
832699892
-825729831
596270845
-841114120
-794303540
-138169385
837651069
-874862903
-726162150
373823703
554347028
-754856438
-968454911
-811914537
168659169
281776546
-964269804
-969816596
277071240
-576549402
99274852
916822672
-769204445
-148226189
-760222472
334136970
-703302465
-740710580
56198085
-276148121
-879661890
-783074415
-772234039
-947758567
-104463163
877566157
416350306
353272130
-560554956
-131852754
-50630759
-377583894
-404993507
626892338
-805942394
922731285
685052378
-722193203
584055686
-310160298
-230287275
660720414
474713171
277388404
817849146
-626941326
31047704
350644083
337041325
-227217511
908781188
-275856851
52812585
-408478386
-61780707
-263879737
-120035683
377115686
33576790
603127808
481161723
60413989
-55124698
-549867416
-242343777
820531266
-712153008
-917808217
-755578393
-849922591
49120985
99289925
-342226104
-511943396
-961652182
-96313894
641430385
828731752
-507213175
890830361
394534236
707666899
-740256423
-303028646
430417959
-918240687
222658188
95083040
810383946
-63854869
537957874
-325900263
371633154
-902789753
180494489
-200406548
870216916
-498574384
772588422
522031350
864544551
981200173
-970038064
39207903
-158767643
417097093
-121277532
-970951457
56891202
935619410
912287160
-141182531
-281076898
22211154
315470850
-957281521
281386086
592168339
-148090624
499544171
-66102929
509193274
-339052445
825942538
247055414
-362920828
-909366420
-474905489
214174655
762309459
-298850373
-85878810
-885565999
892239204
-461972146
272465386
-160353625
521370652
579363767
-589129305
531390978
871263041
-910193327
-135156355
394313299
960357282
-966724518
932822974
850236785
-227387775
-2478828
-675723492
63967776
759218733
987460599
529215711
-782683497
740226575
-768037608
-185228389
991324287
430844340
107490839
906357589
-378801356
-422305501
791889371
787225826
3764863
572977710
345796966
-970565134
-869084098
-559058794
491211251
-372672747
-774832123
361942778
-284988241
40270272
328067634
-432765452
-819142329
902594272
-856790772
-594919978
-940588451
-631342225
488555630
95122833
-374480859
545565824
-69583036
584605082
853985795
13563546
-500771466
-861090009
635215897
-638152937
-5759728
449200042
148968661
-476119029
-471443848
362562983
-698697817
-417463708
-682132135
306707250
581832142
-593549522
629292163
-740728606
343379042
987608535
-49664787
444650204
912608861
502826668
-768882779
-617536723
-695339371
-13562142
-285977635
39618489
713313549
332387828
202962512
-319564893
-617442205
-625600466
205755196
60343912
303086177
-199235731
957180110
790478695
-594939049
-366717419
-97604530
188949179
-48865504
-148858335
-234606538
-20764324
-159825133
114996696
-880607801
908979742
633411275
-17937008
442772499
74996264
-651017831
228854224
-579913590
972013948
691376802
-562573655
-492310071
-171278093
-934969327
-507522332
-893280800
-665052259
-279420709
226742981
938574120
-422305180
702608279
-572315339
-999389469
-615866481
238344916
-675378769
77652880
-578844991
744571932
-94191878
528333056
-630326495
-499066305
558996991
71672568
-87738956
-364711096
-68519254
-807186198
600439584
-333772185
417044494
852832363
-984256863
49902959
-514986986
-816952974
-626950885
-914601129
-980858547
-483872333
640995794
418265081
-895417822
-131542910
-229578800
-556830986
137021910
-884221526
-915942531
-883604183
699737248
714955936
254625370
-618016684
934896188
-49617034
984573572
-769277481
-697677133
-139089617
-8368728
-794762869
-557607509
-201140135
279042572
180686978
333649970
-904068078
-531980149
-741539233
-112257749
-995333997
249182328
-809522797
414995421
-530673057
-467949672
-584944262
778554592
-209054565
-505683671
496594622
212852097
-80832982
264310912
-348764053
-380675349
350783902
620597456
597839616
-872287743
198948726
-504066795
-251347009
-794882806
-157689042
-960287619
-865418980
27040242
-801863306
30415888
488831510
-588669002
-760781536
-100340867
711758704
-641618708
488767390
797421779
424574240
-65162533
11799354
199592895
-967748436
-285340421
-735727336
-66007219
765339232
-170957858
-666681135
-634790670
891194560
995949811
709313352
-286718327
-194544008
529164839
-34634603
283407437
-70691326
911057185
344261804
736973773
-157643370
-37236774
-959966487
-742201534
-992145532
75497099
-854348414
-165840740
454357411
466986984
-571543500
416507409
-335083013
49933995
-250522826
-525796325
-881902583
681514789
55432533
-726151146
-177966756
559798640
-801124443
-95824595
-278234828
626004498
870861035
-60236525
-768776031
108417944
800887818
761028849
443146275
194609604
-26866919
-217326743
564598062
-555966603
-675556330
-192974509
-205746924
945274653
772901278
-782853158
170945368
307976776
-601300532
743043804
-855715913
733936298
-154862871
960107051
631171400
-559350847
818026094
98641206
643128889
-702310080
329243633
-174554163
-488297624
-780499448
-649569223
569671821
-800651642
-558462996
-479010780
-728010269
-231222575
-629166254
-950155468
-596227343
-908916246
-877556069
767106799
643550413
356440172
896133145
306586880
-338330174
60495523
314922327
13253476
-585609322
-586157213
-170560038
524588269
955289578
623570325
-65520374
-786252030
-833562956
-355051185
877684961
-358533996
911078712
-262369172
384966817
48455339
529495314
-411727213
347207950
418402993
-343919016
-656400636
999588464
61878607
222780435
785902786
-499968119
958725428
-387610348
-69091694
267263566
533986349
-858033280
254658550
-855430398
231297254
-279051494
228565331
-545599369
902348443
718746123
809641046
-871939251
198881268
647089874
825203393
-344124925
300777736
687626531
-236714560
658751404
-326086594
-339055332
-325981929
332572781
133901216
601857053
320746018
-919037330
-378399289
-868951702
446325816
9035781
-896984935
-491123715
941521904
-807142352
-481797264
-11937697
-902657082
-153037747
-271441526
-185644973
-613970005
283899016
4847254
-365987944
751492302
-689580458
150321261
769719456
241365846
854923117
-494234704
572737583
-595321283
-633711753
-90173073
950272087
264390325
-456903957
-481410033
895424311
172422995
-862668578
412282988
146528765
-814126193
791781822
398807399
725584659
524875861
875952663
599947794
763661799
-377314973
778648893
404472517
-51160538
839392865
587469338
-709752991
-130941746
359441117
656619890
127912903
-342706108
620097957
-24158220
-364815014
-780314344
-393037357
-755580072
-13526907
35836663
921332617
-355464839
-689346884
-490526646
-362317503
-255120319
746007076
-792702693
-746409753
-76928700
469977626
137693794
-143688733
567895833
667706907
747116075
-751922049
-687828136
362159315
-788522907
904303903
773036784
-149279767
411999810
-880872716
-175014148
371670132
322498223
40360866
-338362024
-641237294
869156970
-564969235
-49330416
733829274
792003257
167623519
-168803830
-328603285
250775772
-532819184
-734050456
-428661216
-132874115
-908571822
991649260
-263835709
-169749416
824323409
181506265
725743847
-444215284
-717418295
493205755
945207242
-71349342
821447689
269688796
179811206
-78593841
255737582
-143930830
-178221793
421758980
-900586791
-547287920
794896627
-184288054
-344959344
-725932408
492159388
-466887207
-672698067
-502063024
724454
48078466
253904742
-559306048
-252374567
605666983
493585118
463911294
-172544874
-934712542
-826434530
-399613668
-709329447
-970846946
117135244
973832341
872732252
-946921312
167215546
-33964328
775215622
-933783150
161474576
699713007
927180697
679618101
575531187
123184921
-911688254
-751255601
-206679831
46770772
-168831657
528395031
-575068355
-879336986
49958601
-350271599
149103124
525983045
-806747927
-730367922
-44218021
16263583
-906065665
-433096616
197715661
-170155303
602045063
-71891611
745077722
103515296
182784892
-701619014
-465356445
-717633029
841497103
-219155852
289609592
36531986
-44357257
-471839123
139310217
72229489
-894211832
-667945712
198322749
-975614767
170971227
-126701587
-917196904
-66204708
86078801
-534379988
-381644371
150253447
632703065
-850427908
843628713
-909269586
-543981023
504364024
291725116
-657362498
-853104529
-243619762
322647086
7590378
565497379
556123259
-514988918
817547030
965397040
-60282921
-758708913
894571657
193926110
-451466259
-561584607
-974774261
-341574371
-327076736
514516352
482066142
-786253590
-249131705
-660732038
361908989
377559065
-974708608
-295152133
-132346656
909557133
-891743378
256736860
671417082
-239974956
-351221072
-8123949
-376162632
662722484
411987716
-868491658
174294913
-456904523
-85458861
798059183
730178285
-315214841
-901213403
-542921010
-6328925
262928881
459646350
-297848991
-409627057
-682851853
716886614
-805432335
560213137
-267598881
-26681891
483649963
136576188
808333832
571185378
-28831836
-350062285
-626295550
-819084938
647043916
-752635665
972687316
958837769
965881131
686877090
51835817
-138912900
701465823
158105998
476004549
398047195
-122354524
-945224129
372769985
-659058309
872645328
628145461
126125973
887872145
790855405
-896859963
634695272
134987381
763464978
562122885
-309490128
70711343
-664067488
860532866
94548622
810685589
664755548
174215054
-556111743
-413958500
-975735314
-167908929
-894255257
834928449
-149174926
-901359252
-731783823
175988830
849258447
997625906
-989074838
-997534122
-312639963
284125721
-708342490
-363970640
766788749
173452204
408111376
-642446812
499928292
738650863
516460303
-831640524
550235403
394979861
347446497
-1093200
621731307
851559163
732744524
-451093609
-190336228
-159803770
468727133
37590222
965663403
-771305716
-456659178
-628184748
198924229
-98612680
-710899363
-508614818
-696570718
-240183613
-288627563
-304922487
747389075
920903443
-552907293
296314480
187360401
318118594
-767483744
-892073072
-400048151
-569433213
-204162493
-7716038
124691278
274351082
329487650
-484159647
-634570039
522426508
-657991711
397090340
522175898
-377494279
600482985
-643139208
816103681
961442837
-51859648
-657903066
-944539799
-203620668
-884121281
218977709
425038940
5035833
80247313
-572029512
907575079
985026568
-229679775
918392806
548584036
-377733714
-525446931
-25633304
242338871
-777812184
365041317
-531346831
-410765765
826891463
172011834
-947294779
24801292
-752527915
57300135
-785945121
214306788
871372401
213331447
714786133
-522424837
597351388
627520495
415140881
552290
559321339
372219384
-149416126
-431906944
574074738
934922812
-627683603
800752963
-987175676
564815021
-26175219
956922369
-965184135
365611516
335831963
